Important: values need to be double format
Example:

{"index": 0 "data": {"Head": [2098.635,1708.936,0.0], "Neck": [2227.439,1410.903,0.0], "LeftCollar": [2252.219,1217.666,0.0], "Torso": [2314.787,729.7457,0.0], "Waist": [2356.344,278.0999,0.0], "LeftShoulder": [1860.994,1193.861,0.0], "RightShoulder": [2813.465,1175.847,0.0], "LeftElbow": [1751.346,713.7789,0.0], "RightElbow": [0.0,0.0,0.0], "LeftWrist": [0.0,0.0,0.0], "RightWrist": [0.0,0.0,0.0], "LeftHand": [0.0,1800.0,0.0], "RightHand": [0.0,0.0,0.0], "LeftHip": [0.0,0.0,0.0], "RightHip": [2672.045,226.5393,0.0], "LeftKnee": [0.0,0.0,0.0], "RightKnee": [0.0,0.0,0.0], "LeftAnkle": [0.0,0.0,0.0], "RightAnkle": [0.0,0.0,0.0]}}


Other examples but not supported since not all values are in double format

{"index": 0 "data": {"Head": [2086.016,1744.58,0], "Neck": [2206.065,1441.281,0], "LeftCollar": [2228.122,1255.521,0], "Torso": [2282.624,796.5226,0], "Waist": [2319.397,356.2112,0], "LeftShoulder": [1807.281,1256.082,0], "RightShoulder": [2773.222,1205.515,0], "LeftElbow": [1703.711,758.459,0], "RightElbow": [0,0,0], "LeftWrist": [0,0,0], "RightWrist": [0,0,0], "LeftHand": [0,0,0], "RightHand": [0,0,0], "LeftHip": [0,0,0], "RightHip": [2622.574,322.1823,0], "LeftKnee": [0,0,0], "RightKnee": [0,0,0], "LeftAnkle": [0,0,0], "RightAnkle": [0,0,0]}}
{"index": 0 "data": {"Head": [2073.11,1777.829,0], "Neck": [2181.638,1475.878,0], "LeftCollar": [2203.446,1295.012,0], "Torso": [2256.768,852.794,0], "Waist": [2291.954,423.184,0], "LeftShoulder": [1790.556,1263.375,0], "RightShoulder": [2732.293,1239.36,0], "LeftElbow": [1607.634,786.1935,0], "RightElbow": [0,0,0], "LeftWrist": [0,0,0], "RightWrist": [0,0,0], "LeftHand": [0,0,0], "RightHand": [0,0,0], "LeftHip": [0,0,0], "RightHip": [2576.898,344.2711,0], "LeftKnee": [0,0,0], "RightKnee": [0,0,0], "LeftAnkle": [0,0,0], "RightAnkle": [0,0,0]}}
{"index": 0 "data": {"Head": [2060.713,1795.638,0], "Neck": [2159.303,1497.255,0], "LeftCollar": [2179.445,1319.376,0], "Torso": [2228.677,884.5984,0], "Waist": [2263.584,463.6134,0], "LeftShoulder": [1762.112,1280.454,0], "RightShoulder": [2700.095,1270.469,0], "LeftElbow": [1543.944,799.8696,0], "RightElbow": [0,0,0], "LeftWrist": [0,0,0], "RightWrist": [0,0,0], "LeftHand": [0,0,0], "RightHand": [0,0,0], "LeftHip": [0,0,0], "RightHip": [2542.747,361.1146,0], "LeftKnee": [0,0,0], "RightKnee": [0,0,0], "LeftAnkle": [0,0,0], "RightAnkle": [0,0,0]}}
{"index": 0 "data": {"Head": [2045.34,1807.1,0], "Neck": [2137.771,1512.514,0], "LeftCollar": [2154.549,1336.062,0], "Torso": [2195.786,902.3535,0], "Waist": [2228.341,488.9056,0], "LeftShoulder": [1729.002,1304.09,0], "RightShoulder": [2678.155,1302.395,0], "LeftElbow": [1507.487,813.7358,0], "RightElbow": [0,0,0], "LeftWrist": [0,0,0], "RightWrist": [0,0,0], "LeftHand": [0,0,0], "RightHand": [0,0,0], "LeftHip": [0,0,0], "RightHip": [2507.999,382.303,0], "LeftKnee": [0,0,0], "RightKnee": [0,0,0], "LeftAnkle": [0,0,0], "RightAnkle": [0,0,0]}}
{"index": 0 "data": {"Head": [2030.005,1817.894,0], "Neck": [2118.515,1526.905,0], "LeftCollar": [2131.88,1350.792,0], "Torso": [2165.034,913.9189,0], "Waist": [2192.451,507.9874,0], "LeftShoulder": [1707.78,1326.111,0], "RightShoulder": [2658.274,1328.083,0], "LeftElbow": [1472.551,827.6758,0], "RightElbow": [2837.377,773.669,0], "LeftWrist": [0,0,0], "RightWrist": [2998.926,209.6835,0], "LeftHand": [0,0,0], "RightHand": [3032.853,91.24036,0], "LeftHip": [1930.466,404.7104,0], "RightHip": [2471.175,401.8703,0], "LeftKnee": [0,0,0], "RightKnee": [0,0,0], "LeftAnkle": [0,0,0], "RightAnkle": [0,0,0]}}
{"index": 0 "data": {"Head": [2015.663,1827.804,0], "Neck": [2102.539,1539.734,0], "LeftCollar": [2112.88,1363.671,0], "Torso": [2138.818,922.045,0], "Waist": [2161.001,522.7137,0], "LeftShoulder": [1685.007,1337.033,0], "RightShoulder": [2638.051,1344.699,0], "LeftElbow": [1483.062,823.301,0], "RightElbow": [2819.02,791.8383,0], "LeftWrist": [0,0,0], "RightWrist": [2965.155,239.9943,0], "LeftHand": [0,0,0], "RightHand": [2995.439,125.6357,0], "LeftHip": [1897.965,427.8089,0], "RightHip": [2440.024,419.9724,0], "LeftKnee": [0,0,0], "RightKnee": [0,0,0], "LeftAnkle": [0,0,0], "RightAnkle": [0,0,0]}}
{"index": 0 "data": {"Head": [2009.054,1831.605,0], "Neck": [2091.305,1551.351,0], "LeftCollar": [2100.847,1375.102,0], "Torso": [2125.139,926.415,0], "Waist": [2144.638,538.5363,0], "LeftShoulder": [1671.156,1332.774,0], "RightShoulder": [2619.03,1347.898,0], "LeftElbow": [1474.792,811.666,0], "RightElbow": [2807.761,800.3725,0], "LeftWrist": [0,0,0], "RightWrist": [2939.169,258.336,0], "LeftHand": [0,0,0], "RightHand": [2966.117,147.1805,0], "LeftHip": [1888.694,430.4838,0], "RightHip": [2423.043,427.9265,0], "LeftKnee": [0,0,0], "RightKnee": [0,0,0], "LeftAnkle": [0,0,0], "RightAnkle": [0,0,0]}}
{"index": 0 "data": {"Head": [2008.733,1823.937,0], "Neck": [2084.245,1559.173,0], "LeftCollar": [2093.681,1383.374,0], "Torso": [2118.005,930.2171,0], "Waist": [2136.505,549.4258,0], "LeftShoulder": [1660.839,1335.865,0], "RightShoulder": [2603.248,1355.466,0], "LeftElbow": [1464.374,809.8307,0], "RightElbow": [2803.513,809.6788,0], "LeftWrist": [0,0,0], "RightWrist": [2918.059,276.181,0], "LeftHand": [0,0,0], "RightHand": [2941.339,167.7552,0], "LeftHip": [1879.241,434.6931,0], "RightHip": [2414.057,434.188,0], "LeftKnee": [0,0,0], "RightKnee": [0,0,0], "LeftAnkle": [0,0,0], "RightAnkle": [0,0,0]}}
{"index": 0 "data": {"Head": [2008.165,1819.336,0], "Neck": [2078.875,1566.843,0], "LeftCollar": [2088.525,1391.436,0], "Torso": [2113.643,934.8777,0], "Waist": [2131.836,559.1918,0], "LeftShoulder": [1652.509,1336.961,0], "RightShoulder": [2593.704,1360.719,0], "LeftElbow": [1453.688,811.8793,0], "RightElbow": [2799.236,830.7737,0], "LeftWrist": [0,0,0], "RightWrist": [2900.315,304.1891,0], "LeftHand": [0,0,0], "RightHand": [2920.781,197.5704,0], "LeftHip": [1873.96,438.3602,0], "RightHip": [2408.257,435.193,0], "LeftKnee": [0,0,0], "RightKnee": [0,0,0], "LeftAnkle": [0,0,0], "RightAnkle": [0,0,0]}}
{"index": 0 "data": {"Head": [2006.708,1819.749,0], "Neck": [2075.363,1572.466,0], "LeftCollar": [2084.916,1397.771,0], "Torso": [2109.932,940.3082,0], "Waist": [2128.221,569.1123,0], "LeftShoulder": [1647.501,1344.987,0], "RightShoulder": [2587.914,1368.754,0], "LeftElbow": [1451.081,816.2115,0], "RightElbow": [2787.962,850.6403,0], "LeftWrist": [0,0,0], "RightWrist": [2887.696,325.9929,0], "LeftHand": [0,0,0], "RightHand": [2907.971,219.336,0], "LeftHip": [1873.102,445.1021,0], "RightHip": [2402.544,436.7252,0], "LeftKnee": [0,0,0], "RightKnee": [0,0,0], "LeftAnkle": [0,0,0], "RightAnkle": [0,0,0]}}
{"index": 0 "data": {"Head": [2005.214,1822.339,0], "Neck": [2073.087,1576.318,0], "LeftCollar": [2082.333,1402.442,0], "Torso": [2106.669,944.8172,0], "Waist": [2125.019,577.1105,0], "LeftShoulder": [1644.387,1351.27,0], "RightShoulder": [2582.192,1373.077,0], "LeftElbow": [1443.749,821.8731,0], "RightElbow": [2780.715,859.241,0], "LeftWrist": [0,0,0], "RightWrist": [2880.111,336.0166,0], "LeftHand": [0,0,0], "RightHand": [2900.35,229.4744,0], "LeftHip": [1869.112,445.6906,0], "RightHip": [2400.737,439.8134,0], "LeftKnee": [0,0,0], "RightKnee": [0,0,0], "LeftAnkle": [0,0,0], "RightAnkle": [0,0,0]}}
{"index": 0 "data": {"Head": [2004.448,1825.207,0], "Neck": [2071.6,1580.228,0], "LeftCollar": [2080.375,1406.971,0], "Torso": [2103.607,948.2585,0], "Waist": [2121.391,583.0358,0], "LeftShoulder": [1645.5,1353.918,0], "RightShoulder": [2576.999,1376.332,0], "LeftElbow": [1434.637,826.3503,0], "RightElbow": [2771.76,862.6973,0], "LeftWrist": [0,0,0], "RightWrist": [2875.023,341.573,0], "LeftHand": [0,0,0], "RightHand": [2896.09,235.2526,0], "LeftHip": [1865.355,445.8465,0], "RightHip": [2396.186,443.0429,0], "LeftKnee": [0,0,0], "RightKnee": [0,0,0], "LeftAnkle": [0,0,0], "RightAnkle": [0,0,0]}}
{"index": 0 "data": {"Head": [2003.732,1828.348,0], "Neck": [2070.478,1583.739,0], "LeftCollar": [2078.881,1411.162,0], "Torso": [2101.261,951.5095,0], "Waist": [2118.234,587.7726,0], "LeftShoulder": [1647.196,1354.569,0], "RightShoulder": [2571.56,1379.026,0], "LeftElbow": [1444.134,830.5884,0], "RightElbow": [2763.098,864.1055,0], "LeftWrist": [0,0,0], "RightWrist": [2869.859,345.7659,0], "LeftHand": [0,0,0], "RightHand": [2891.662,239.9064,0], "LeftHip": [1866.946,441.9949,0], "RightHip": [2392.556,443.7692,0], "LeftKnee": [0,0,0], "RightKnee": [0,0,0], "LeftAnkle": [0,0,0], "RightAnkle": [0,0,0]}}
{"index": 0 "data": {"Head": [2003.17,1831.257,0], "Neck": [2069.481,1585.268,0], "LeftCollar": [2077.444,1413.764,0], "Torso": [2098.762,954.6245,0], "Waist": [2114.903,592.2827,0], "LeftShoulder": [1651.223,1355.488,0], "RightShoulder": [2567.587,1383.904,0], "LeftElbow": [1458.895,840.8738,0], "RightElbow": [2754.054,865.5029,0], "LeftWrist": [0,0,0], "RightWrist": [2867.406,347.9753,0], "LeftHand": [0,0,0], "RightHand": [2890.679,241.7163,0], "LeftHip": [1860.799,444.2267,0], "RightHip": [2387.396,445.217,0], "LeftKnee": [0,0,0], "RightKnee": [0,0,0], "LeftAnkle": [0,0,0], "RightAnkle": [0,0,0]}}
{"index": 0 "data": {"Head": [2004.621,1832.055,0], "Neck": [2068.505,1587.72,0], "LeftCollar": [2076.356,1416.814,0], "Torso": [2097.5,956.5536,0], "Waist": [2112.296,594.8763,0], "LeftShoulder": [1648.992,1357.74,0], "RightShoulder": [2566.596,1387.931,0], "LeftElbow": [1484.91,856.1752,0], "RightElbow": [2754.353,868.5731,0], "LeftWrist": [0,0,0], "RightWrist": [2867.969,351.7919,0], "LeftHand": [0,0,0], "RightHand": [2891.312,245.6142,0], "LeftHip": [1858.819,449.1436,0], "RightHip": [2380.104,445.7581,0], "LeftKnee": [0,0,0], "RightKnee": [0,0,0], "LeftAnkle": [0,0,0], "RightAnkle": [0,0,0]}}
{"index": 0 "data": {"Head": [2006.322,1832.686,0], "Neck": [2067.66,1591.019,0], "LeftCollar": [2075.603,1420.446,0], "Torso": [2097.087,959.0696,0], "Waist": [2111.036,597.8487,0], "LeftShoulder": [1649.078,1359.912,0], "RightShoulder": [2563.535,1389.798,0], "LeftElbow": [1545.182,889.9993,0], "RightElbow": [2756.395,864.8085,0], "LeftWrist": [0,0,0], "RightWrist": [2870.02,348.2834,0], "LeftHand": [0,0,0], "RightHand": [2893.477,241.6532,0], "LeftHip": [1856.745,453.8096,0], "RightHip": [2372.609,445.5524,0], "LeftKnee": [0,0,0], "RightKnee": [0,0,0], "LeftAnkle": [0,0,0], "RightAnkle": [0,0,0]}}
{"index": 0 "data": {"Head": [2006.446,1831.83,0], "Neck": [2066.874,1591.8,0], "LeftCollar": [2074.998,1421.562,0], "Torso": [2097.039,959.7325,0], "Waist": [2110.729,599.5278,0], "LeftShoulder": [1652.592,1361.638,0], "RightShoulder": [2559.471,1389.912,0], "LeftElbow": [1576.288,897.1763,0], "RightElbow": [2752.696,869.1149,0], "LeftWrist": [0,0,0], "RightWrist": [2868.025,352.8554,0], "LeftHand": [0,0,0], "RightHand": [2891.967,245.6848,0], "LeftHip": [1853.973,458.2629,0], "RightHip": [2367.666,448.5308,0], "LeftKnee": [0,0,0], "RightKnee": [0,0,0], "LeftAnkle": [0,0,0], "RightAnkle": [0,0,0]}}
{"index": 0 "data": {"Head": [2005.114,1829.188,0], "Neck": [2066.119,1590.871,0], "LeftCollar": [2074.423,1420.918,0], "Torso": [2097.013,958.5997,0], "Waist": [2110.414,599.8743,0], "LeftShoulder": [1648.831,1361.747,0], "RightShoulder": [2557.692,1388.927,0], "LeftElbow": [1585.46,893.4327,0], "RightElbow": [2748.516,873.9235,0], "LeftWrist": [0,0,0], "RightWrist": [2865.841,356.8839,0], "LeftHand": [0,0,0], "RightHand": [2890.327,248.9774,0], "LeftHip": [1846.503,466.0331,0], "RightHip": [2364.921,451.3435,0], "LeftKnee": [0,0,0], "RightKnee": [0,0,0], "LeftAnkle": [0,0,0], "RightAnkle": [0,0,0]}}
{"index": 0 "data": {"Head": [2001.471,1825.263,0], "Neck": [2065.378,1589.766,0], "LeftCollar": [2073.74,1420.123,0], "Torso": [2096.547,957.4879,0], "Waist": [2109.635,600.1899,0], "LeftShoulder": [1645.336,1364.254,0], "RightShoulder": [2553.463,1388.202,0], "LeftElbow": [1582.928,895.0685,0], "RightElbow": [2745.247,876.9171,0], "LeftWrist": [1432.998,431.1526,0], "RightWrist": [2863.552,357.0621,0], "LeftHand": [0,0,0], "RightHand": [2888.376,247.9808,0], "LeftHip": [1840.401,475.9861,0], "RightHip": [2363.993,454.2861,0], "LeftKnee": [0,0,0], "RightKnee": [0,0,0], "LeftAnkle": [0,0,0], "RightAnkle": [0,0,0]}}
{"index": 0 "data": {"Head": [1990.51,1818.975,0], "Neck": [2064.454,1588.453,0], "LeftCollar": [2072.399,1419.148,0], "Torso": [2094.115,956.372,0], "Waist": [2107.424,600.1509,0], "LeftShoulder": [1639.113,1368.835,0], "RightShoulder": [2546.076,1385.032,0], "LeftElbow": [1574.077,899.0466,0], "RightElbow": [2739.937,877.6598,0], "LeftWrist": [1416.672,430.1895,0], "RightWrist": [2859.426,352.6321,0], "LeftHand": [1384.423,334.1323,0], "RightHand": [2884.604,242.0026,0], "LeftHip": [1835.247,480.8884,0], "RightHip": [2362.86,457.825,0], "LeftKnee": [0,0,0], "RightKnee": [0,0,0], "LeftAnkle": [0,0,0], "RightAnkle": [0,0,0]}}
{"index": 0 "data": {"Head": [1970.386,1813.986,0], "Neck": [2049.887,1586.887,0], "LeftCollar": [2059.769,1418.072,0], "Torso": [2086.832,955.7462,0], "Waist": [2099.96,600.5258,0], "LeftShoulder": [1624.218,1369.762,0], "RightShoulder": [2527.894,1385.509,0], "LeftElbow": [1553.762,900.1526,0], "RightElbow": [2729.831,883.2893,0], "LeftWrist": [1394.579,434.4853,0], "RightWrist": [2849.224,363.7903,0], "LeftHand": [1361.957,339.0546,0], "RightHand": [2874.431,254.1135,0], "LeftHip": [1828.963,478.1927,0], "RightHip": [2358.605,462.2756,0], "LeftKnee": [0,0,0], "RightKnee": [0,0,0], "LeftAnkle": [0,0,0], "RightAnkle": [0,0,0]}}
{"index": 0 "data": {"Head": [1945.855,1809.881,0], "Neck": [2024.285,1584.929,0], "LeftCollar": [2035.813,1416.771,0], "Torso": [2067.432,955.5272,0], "Waist": [2079.271,601.4452,0], "LeftShoulder": [1600.323,1370.317,0], "RightShoulder": [2500.633,1387.86,0], "LeftElbow": [1511.915,901.3412,0], "RightElbow": [2714.525,890.4437,0], "LeftWrist": [1368.767,435.0116,0], "RightWrist": [2842.647,376.4694,0], "LeftHand": [1339.415,339.3922,0], "RightHand": [2869.793,267.5707,0], "LeftHip": [1812.002,473.2819,0], "RightHip": [2342.057,469.1348,0], "LeftKnee": [0,0,0], "RightKnee": [0,0,0], "LeftAnkle": [0,0,0], "RightAnkle": [0,0,0]}}
{"index": 0 "data": {"Head": [1923.53,1807.576,0], "Neck": [1993.192,1583.371,0], "LeftCollar": [2005.635,1415.783,0], "Torso": [2039.809,955.4789,0], "Waist": [2052.397,602.3744,0], "LeftShoulder": [1574.065,1365.795,0], "RightShoulder": [2472.015,1391.96,0], "LeftElbow": [1483.886,895.4418,0], "RightElbow": [2691.716,892.8192,0], "LeftWrist": [1348.499,429.466,0], "RightWrist": [2836.887,383.1976,0], "LeftHand": [1320.688,333.7482,0], "RightHand": [2867.664,275.1584,0], "LeftHip": [1786.584,472.8307,0], "RightHip": [2317.938,475.7389,0], "LeftKnee": [0,0,0], "RightKnee": [0,0,0], "LeftAnkle": [0,0,0], "RightAnkle": [0,0,0]}}
{"index": 0 "data": {"Head": [1902.584,1807.153,0], "Neck": [1964.357,1583.218,0], "LeftCollar": [1978.086,1416.092,0], "Torso": [2015.846,956.4374,0], "Waist": [2029.469,604.2215,0], "LeftShoulder": [1548.714,1364.753,0], "RightShoulder": [2444.298,1395.902,0], "LeftElbow": [1461.248,891.0157,0], "RightElbow": [2651.743,890.0386,0], "LeftWrist": [1339.285,424.3958,0], "RightWrist": [2832.252,387.9885,0], "LeftHand": [1314.184,328.3635,0], "RightHand": [2870.68,281.1094,0], "LeftHip": [1760.546,478.0102,0], "RightHip": [2292.951,477.4733,0], "LeftKnee": [0,0,0], "RightKnee": [0,0,0], "LeftAnkle": [0,0,0], "RightAnkle": [0,0,0]}}
{"index": 0 "data": {"Head": [1879.145,1806.993,0], "Neck": [1937.062,1583.922,0], "LeftCollar": [1951.441,1417.089,0], "Torso": [1991.062,957.3999,0], "Waist": [2003.713,605.9132,0], "LeftShoulder": [1521.477,1366.078,0], "RightShoulder": [2414.758,1395.98,0], "LeftElbow": [1441.539,887.2097,0], "RightElbow": [2615.343,884.9299,0], "LeftWrist": [1323.337,421.1095,0], "RightWrist": [2830.514,391.778,0], "LeftHand": [1298.978,325.0582,0], "RightHand": [2876.791,285.7158,0], "LeftHip": [1733.922,483.0317,0], "RightHip": [2262.269,477.5668,0], "LeftKnee": [0,0,0], "RightKnee": [0,0,0], "LeftAnkle": [0,0,0], "RightAnkle": [0,0,0]}}
{"index": 0 "data": {"Head": [1857.231,1808.945,0], "Neck": [1910.242,1585.819,0], "LeftCollar": [1925.088,1419.131,0], "Torso": [1966.064,959.0624,0], "Waist": [1977.151,608.1559,0], "LeftShoulder": [1499.068,1364.499,0], "RightShoulder": [2388.938,1399.904,0], "LeftElbow": [1422.863,883.7967,0], "RightElbow": [2585.464,887.9714,0], "LeftWrist": [1301.546,418.903,0], "RightWrist": [2833.209,407.2815,0], "LeftHand": [1276.516,322.9885,0], "RightHand": [2887.583,301.7815,0], "LeftHip": [1709.008,482.8143,0], "RightHip": [2237.246,480.1241,0], "LeftKnee": [0,0,0], "RightKnee": [0,0,0], "LeftAnkle": [0,0,0], "RightAnkle": [0,0,0]}}
{"index": 0 "data": {"Head": [1840.372,1810.142,0], "Neck": [1891.413,1587.5,0], "LeftCollar": [1906.113,1420.87,0], "Torso": [1946.763,960.0785,0], "Waist": [1956.918,609.5726,0], "LeftShoulder": [1483.741,1363.964,0], "RightShoulder": [2369.876,1402.209,0], "LeftElbow": [1396.642,883.8442,0], "RightElbow": [2587.3,895.937,0], "LeftWrist": [1285.242,418.3284,0], "RightWrist": [2862.502,434.9244,0], "LeftHand": [1262.247,322.2402,0], "RightHand": [2924.603,330.8944,0], "LeftHip": [1689.372,484.0171,0], "RightHip": [2217.768,481.8818,0], "LeftKnee": [0,0,0], "RightKnee": [0,0,0], "LeftAnkle": [0,0,0], "RightAnkle": [0,0,0]}}
{"index": 0 "data": {"Head": [1823.257,1809.695,0], "Neck": [1876.507,1588.266,0], "LeftCollar": [1889.623,1421.666,0], "Torso": [1925.973,959.9271,0], "Waist": [1934.693,609.8486,0], "LeftShoulder": [1467.373,1366.938,0], "RightShoulder": [2351.143,1399.75,0], "LeftElbow": [1380.324,884.7781,0], "RightElbow": [2587.177,892.8526,0], "LeftWrist": [1271.713,411.0602,0], "RightWrist": [2913.373,462.4799,0], "LeftHand": [1249.284,313.2351,0], "RightHand": [2989.741,361.7219,0], "LeftHip": [1668.871,481.4342,0], "RightHip": [2196.309,482.6812,0], "LeftKnee": [0,0,0], "RightKnee": [0,0,0], "LeftAnkle": [0,0,0], "RightAnkle": [0,0,0]}}
{"index": 0 "data": {"Head": [1809.872,1808.459,0], "Neck": [1861.87,1588.77,0], "LeftCollar": [1874.633,1422.188,0], "Torso": [1910.106,959.2017,0], "Waist": [1916.885,609.2794,0], "LeftShoulder": [1454.08,1364.76,0], "RightShoulder": [2337.599,1401.716,0], "LeftElbow": [1365.595,882.452,0], "RightElbow": [2590.826,892.6669,0], "LeftWrist": [1255.253,401.6938,0], "RightWrist": [2985.845,523.5846,0], "LeftHand": [1232.452,302.3472,0], "RightHand": [3081.822,433.9091,0], "LeftHip": [1651.351,480.4114,0], "RightHip": [2176.522,480.5043,0], "LeftKnee": [0,0,0], "RightKnee": [0,0,0], "LeftAnkle": [0,0,0], "RightAnkle": [0,0,0]}}
{"index": 0 "data": {"Head": [1794.643,1807.059,0], "Neck": [1847.886,1589.173,0], "LeftCollar": [1859.964,1422.564,0], "Torso": [1893.62,958.2862,0], "Waist": [1898.465,608.4001,0], "LeftShoulder": [1438.792,1364.828,0], "RightShoulder": [2322.651,1400.665,0], "LeftElbow": [1355.194,881.7019,0], "RightElbow": [2602.799,887.0723,0], "LeftWrist": [1250.484,393.8737,0], "RightWrist": [3090.177,596.0034,0], "LeftHand": [1228.842,293.0454,0], "RightHand": [3211.54,523.5237,0], "LeftHip": [1633.345,478.662,0], "RightHip": [2158.376,479.7251,0], "LeftKnee": [0,0,0], "RightKnee": [0,0,0], "LeftAnkle": [0,0,0], "RightAnkle": [0,0,0]}}
{"index": 0 "data": {"Head": [1780.153,1805,0], "Neck": [1836.001,1588.598,0], "LeftCollar": [1847.834,1422.018,0], "Torso": [1880.888,956.7235,0], "Waist": [1884.171,606.8775,0], "LeftShoulder": [1424.736,1365.23,0], "RightShoulder": [2310.426,1400.082,0], "LeftElbow": [1350.237,879.9716,0], "RightElbow": [2612.414,885.4452,0], "LeftWrist": [1243.974,388.0204,0], "RightWrist": [3167.025,684.4919,0], "LeftHand": [1222.025,286.4023,0], "RightHand": [3307.278,633.6738,0], "LeftHip": [1618.574,476.8204,0], "RightHip": [2145.438,480.045,0], "LeftKnee": [0,0,0], "RightKnee": [0,0,0], "LeftAnkle": [0,0,0], "RightAnkle": [0,0,0]}}
{"index": 0 "data": {"Head": [1772.043,1802.823,0], "Neck": [1827.257,1587.712,0], "LeftCollar": [1839.366,1421.135,0], "Torso": [1873.287,954.4908,0], "Waist": [1876.461,604.908,0], "LeftShoulder": [1418.015,1362.182,0], "RightShoulder": [2303.013,1402.21,0], "LeftElbow": [1345.933,877.1317,0], "RightElbow": [2623.627,889.6108,0], "LeftWrist": [1235.856,383.187,0], "RightWrist": [3232.762,783.413,0], "LeftHand": [1213.13,281.2126,0], "RightHand": [3387.543,756.4282,0], "LeftHip": [1609.077,476.8522,0], "RightHip": [2138.507,477.9338,0], "LeftKnee": [0,0,0], "RightKnee": [0,0,0], "LeftAnkle": [0,0,0], "RightAnkle": [0,0,0]}}
{"index": 0 "data": {"Head": [1766.946,1800.236,0], "Neck": [1819.461,1586.613,0], "LeftCollar": [1831.312,1419.97,0], "Torso": [1864.667,950.9573,0], "Waist": [1869.476,602.1169,0], "LeftShoulder": [1411.809,1359.644,0], "RightShoulder": [2294.95,1403.608,0], "LeftElbow": [1340.309,874.7129,0], "RightElbow": [2651.197,900.5422,0], "LeftWrist": [1228.994,386.424,0], "RightWrist": [3287.461,869.9389,0], "LeftHand": [1206.038,285.7244,0], "RightHand": [3448.632,862.187,0], "LeftHip": [1602.64,472.5975,0], "RightHip": [2132.174,474.6521,0], "LeftKnee": [0,0,0], "RightKnee": [0,0,0], "LeftAnkle": [0,0,0], "RightAnkle": [0,0,0]}}
{"index": 0 "data": {"Head": [1762.697,1797.672,0], "Neck": [1813.587,1585.547,0], "LeftCollar": [1824.794,1418.793,0], "Torso": [1856.538,946.4222,0], "Waist": [1863.588,598.7245,0], "LeftShoulder": [1406.97,1357.944,0], "RightShoulder": [2288.426,1404.678,0], "LeftElbow": [1334.087,872.5449,0], "RightElbow": [2714.361,933.0651,0], "LeftWrist": [1219.365,382.8482,0], "RightWrist": [3347.868,951.6267,0], "LeftHand": [1195.732,281.9716,0], "RightHand": [3509.578,956.3648,0], "LeftHip": [1597.756,466.7419,0], "RightHip": [2126.752,469.8548,0], "LeftKnee": [0,0,0], "RightKnee": [0,0,0], "LeftAnkle": [0,0,0], "RightAnkle": [0,0,0]}}
{"index": 0 "data": {"Head": [1760.79,1795.034,0], "Neck": [1809.832,1584.46,0], "LeftCollar": [1820.114,1417.608,0], "Torso": [1849.463,941.3087,0], "Waist": [1859.526,594.6442,0], "LeftShoulder": [1403.377,1357.047,0], "RightShoulder": [2284.167,1405.426,0], "LeftElbow": [1326.604,870.881,0], "RightElbow": [2777.789,970.2062,0], "LeftWrist": [1211.106,384.6617,0], "RightWrist": [3411.309,1040.301,0], "LeftHand": [1187.356,284.678,0], "RightHand": [3573.292,1058.224,0], "LeftHip": [1594.784,459.0955,0], "RightHip": [2123.044,463.144,0], "LeftKnee": [0,0,0], "RightKnee": [0,0,0], "LeftAnkle": [0,0,0], "RightAnkle": [0,0,0]}}
{"index": 0 "data": {"Head": [1758.867,1792.51,0], "Neck": [1806.094,1583.414,0], "LeftCollar": [1815.848,1416.554,0], "Torso": [1843.871,937.1309,0], "Waist": [1856.588,590.8748,0], "LeftShoulder": [1398.319,1357.514,0], "RightShoulder": [2280.786,1406.364,0], "LeftElbow": [1320.21,871.588,0], "RightElbow": [2817.247,998.0606,0], "LeftWrist": [1206.507,390.0929,0], "RightWrist": [3449.583,1129.223,0], "LeftHand": [1183.137,291.1292,0], "RightHand": [3610.48,1162.598,0], "LeftHip": [1594.463,450.6759,0], "RightHip": [2120.434,458.5986,0], "LeftKnee": [0,0,0], "RightKnee": [0,0,0], "LeftAnkle": [0,0,0], "RightAnkle": [0,0,0]}}
{"index": 0 "data": {"Head": [1756.673,1790.142,0], "Neck": [1802.202,1582.42,0], "LeftCollar": [1811.849,1415.581,0], "Torso": [1839.703,933.8502,0], "Waist": [1853.626,587.6755,0], "LeftShoulder": [1389.263,1360.655,0], "RightShoulder": [2277.409,1406.255,0], "LeftElbow": [1314.194,874.2067,0], "RightElbow": [2848.862,1023.731,0], "LeftWrist": [1201.898,397.8538,0], "RightWrist": [3466.565,1217.287,0], "LeftHand": [1178.836,300.0258,0], "RightHand": [3622.693,1266.209,0], "LeftHip": [1590.995,450.4752,0], "RightHip": [2118.041,458.6359,0], "LeftKnee": [0,0,0], "RightKnee": [0,0,0], "LeftAnkle": [0,0,0], "RightAnkle": [0,0,0]}}
{"index": 0 "data": {"Head": [1754.346,1789.19,0], "Neck": [1798.485,1581.921,0], "LeftCollar": [1807.988,1415.049,0], "Torso": [1835.499,931.923,0], "Waist": [1850.439,585.7311,0], "LeftShoulder": [1382.191,1362.547,0], "RightShoulder": [2274.395,1405.404,0], "LeftElbow": [1312.546,875.1655,0], "RightElbow": [2878.059,1050.002,0], "LeftWrist": [1197.394,400.8813,0], "RightWrist": [3473.529,1322.69,0], "LeftHand": [1173.756,303.5211,0], "RightHand": [3622.474,1390.898,0], "LeftHip": [1588.273,450.2227,0], "RightHip": [2114.092,458.0297,0], "LeftKnee": [0,0,0], "RightKnee": [0,0,0], "LeftAnkle": [0,0,0], "RightAnkle": [0,0,0]}}
{"index": 0 "data": {"Head": [1751.44,1788.895,0], "Neck": [1794.454,1581.631,0], "LeftCollar": [1804.547,1414.708,0], "Torso": [1833.801,930.865,0], "Waist": [1848.852,584.6029,0], "LeftShoulder": [1376.914,1362.802,0], "RightShoulder": [2269.338,1401.875,0], "LeftElbow": [1310.489,874.7694,0], "RightElbow": [2910.244,1083.658,0], "LeftWrist": [1190.356,396.5895,0], "RightWrist": [3471.648,1427.218,0], "LeftHand": [1165.692,298.4152,0], "RightHand": [3611.588,1512.857,0], "LeftHip": [1586.721,451.0186,0], "RightHip": [2111.325,457.5111,0], "LeftKnee": [0,0,0], "RightKnee": [0,0,0], "LeftAnkle": [0,0,0], "RightAnkle": [0,0,0]}}
{"index": 0 "data": {"Head": [1748.42,1788.83,0], "Neck": [1790.615,1581.428,0], "LeftCollar": [1801.515,1414.414,0], "Torso": [1833.116,930.2191,0], "Waist": [1848.177,583.8945,0], "LeftShoulder": [1372.261,1363.047,0], "RightShoulder": [2264.078,1398.415,0], "LeftElbow": [1307.646,874.42,0], "RightElbow": [2931.724,1115.511,0], "LeftWrist": [1187.141,389.6578,0], "RightWrist": [3469.884,1524.072,0], "LeftHand": [1162.392,290.1021,0], "RightHand": [3603.094,1625.203,0], "LeftHip": [1585.891,452.0998,0], "RightHip": [2109.722,457.3888,0], "LeftKnee": [0,0,0], "RightKnee": [0,0,0], "LeftAnkle": [0,0,0], "RightAnkle": [0,0,0]}}
{"index": 0 "data": {"Head": [1745.445,1787.755,0], "Neck": [1788.377,1581.237,0], "LeftCollar": [1799.783,1414.098,0], "Torso": [1832.827,929.8973,0], "Waist": [1847.853,583.4985,0], "LeftShoulder": [1370.83,1361.761,0], "RightShoulder": [2263.164,1399.066,0], "LeftElbow": [1304.411,872.7322,0], "RightElbow": [2942.786,1138.281,0], "LeftWrist": [1185.238,390.99,0], "RightWrist": [3425.765,1607.699,0], "LeftHand": [1160.768,292.0736,0], "RightHand": [3542.737,1721.386,0], "LeftHip": [1586.028,451.8871,0], "RightHip": [2108.288,456.9697,0], "LeftKnee": [0,0,0], "RightKnee": [0,0,0], "LeftAnkle": [0,0,0], "RightAnkle": [0,0,0]}}
{"index": 0 "data": {"Head": [1741.348,1784.899,0], "Neck": [1786.258,1580.964,0], "LeftCollar": [1798.128,1413.648,0], "Torso": [1832.46,929.737,0], "Waist": [1847.162,582.944,0], "LeftShoulder": [1369.946,1359.633,0], "RightShoulder": [2262.362,1399.629,0], "LeftElbow": [1301.405,869.9255,0], "RightElbow": [2956.765,1167.4,0], "LeftWrist": [1182.398,390.5322,0], "RightWrist": [3370.63,1682.803,0], "LeftHand": [1157.977,292.1542,0], "RightHand": [3469.422,1805.833,0], "LeftHip": [1585.265,450.0923,0], "RightHip": [2107.694,455.2902,0], "LeftKnee": [0,0,0], "RightKnee": [0,0,0], "LeftAnkle": [0,0,0], "RightAnkle": [0,0,0]}}
{"index": 0 "data": {"Head": [1737.276,1780.349,0], "Neck": [1785.417,1580.641,0], "LeftCollar": [1797.47,1413.143,0], "Torso": [1832.232,930.0641,0], "Waist": [1846.805,582.5001,0], "LeftShoulder": [1370.066,1357.661,0], "RightShoulder": [2262.635,1399.853,0], "LeftElbow": [1298.753,867.7833,0], "RightElbow": [2971.753,1197.742,0], "LeftWrist": [1182.002,389.8885,0], "RightWrist": [3309.887,1739.723,0], "LeftHand": [1158.046,291.8287,0], "RightHand": [3390.521,1868.966,0], "LeftHip": [1584.95,448.192,0], "RightHip": [2108.164,454.8731,0], "LeftKnee": [0,0,0], "RightKnee": [0,0,0], "LeftAnkle": [0,0,0], "RightAnkle": [0,0,0]}}
{"index": 0 "data": {"Head": [1733.244,1776.366,0], "Neck": [1785,1580.326,0], "LeftCollar": [1797.131,1412.621,0], "Torso": [1832.013,930.4344,0], "Waist": [1846.549,581.7748,0], "LeftShoulder": [1370.509,1355.819,0], "RightShoulder": [2263.121,1399.815,0], "LeftElbow": [1298.006,866.1114,0], "RightElbow": [2970.083,1185.651,0], "LeftWrist": [1182.534,389.3818,0], "RightWrist": [3211.422,1728.234,0], "LeftHand": [1158.83,291.517,0], "RightHand": [3269.19,1858.107,0], "LeftHip": [1585.193,444.7744,0], "RightHip": [2108.683,453.8945,0], "LeftKnee": [0,0,0], "RightKnee": [0,0,0], "LeftAnkle": [0,0,0], "RightAnkle": [0,0,0]}}
{"index": 0 "data": {"Head": [1729.703,1774.976,0], "Neck": [1784.594,1580.014,0], "LeftCollar": [1796.828,1412.121,0], "Torso": [1831.889,930.9664,0], "Waist": [1846.449,581.4572,0], "LeftShoulder": [1371.001,1354.227,0], "RightShoulder": [2263.434,1399.885,0], "LeftElbow": [1296.149,864.7539,0], "RightElbow": [2966.595,1177.54,0], "LeftWrist": [1182.972,388.6578,0], "RightWrist": [3096.792,1730.186,0], "LeftHand": [1159.728,290.8773,0], "RightHand": [3127.611,1861.006,0], "LeftHip": [1586.024,444.5674,0], "RightHip": [2107.862,454.3177,0], "LeftKnee": [0,0,0], "RightKnee": [0,0,0], "LeftAnkle": [0,0,0], "RightAnkle": [0,0,0]}}
{"index": 0 "data": {"Head": [1726.196,1774.597,0], "Neck": [1784.152,1579.698,0], "LeftCollar": [1796.497,1411.606,0], "Torso": [1831.763,931.4145,0], "Waist": [1846.335,581.1946,0], "LeftShoulder": [1371.382,1352.552,0], "RightShoulder": [2263.381,1399.81,0], "LeftElbow": [1293.647,863.3558,0], "RightElbow": [2960.123,1188.153,0], "LeftWrist": [1183.78,387.4731,0], "RightWrist": [2956.852,1769.097,0], "LeftHand": [1161.21,289.7151,0], "RightHand": [2956.103,1902.108,0], "LeftHip": [1589.938,438.0695,0], "RightHip": [2107.002,454.0145,0], "LeftKnee": [0,0,0], "RightKnee": [0,0,0], "LeftAnkle": [0,0,0], "RightAnkle": [0,0,0]}}
{"index": 0 "data": {"Head": [1722.731,1774.636,0], "Neck": [1783.691,1579.372,0], "LeftCollar": [1796.154,1411.076,0], "Torso": [1831.656,931.6443,0], "Waist": [1846.212,580.908,0], "LeftShoulder": [1371.904,1351.067,0], "RightShoulder": [2263.052,1399.807,0], "LeftElbow": [1292.582,862.0043,0], "RightElbow": [2969.599,1220.887,0], "LeftWrist": [1182.764,380.9232,0], "RightWrist": [2843.525,1811.654,0], "LeftHand": [1160.189,282.0295,0], "RightHand": [2815.356,1943.651,0], "LeftHip": [1590.664,437.879,0], "RightHip": [2105.78,453.4712,0], "LeftKnee": [0,0,0], "RightKnee": [0,0,0], "LeftAnkle": [0,0,0], "RightAnkle": [0,0,0]}}
{"index": 0 "data": {"Head": [1718.855,1774.844,0], "Neck": [1783.198,1579.062,0], "LeftCollar": [1795.787,1410.554,0], "Torso": [1831.566,931.6461,0], "Waist": [1846.096,580.5944,0], "LeftShoulder": [1372.551,1349.667,0], "RightShoulder": [2262.433,1399.763,0], "LeftElbow": [1291.277,860.7542,0], "RightElbow": [2976.957,1227.578,0], "LeftWrist": [1182.702,377.0552,0], "RightWrist": [2795.19,1807.461,0], "LeftHand": [1160.371,277.5736,0], "RightHand": [2754.674,1936.715,0], "LeftHip": [1590.333,439.6495,0], "RightHip": [2104.477,452.1257,0], "LeftKnee": [0,0,0], "RightKnee": [0,0,0], "LeftAnkle": [0,0,0], "RightAnkle": [0,0,0]}}
{"index": 0 "data": {"Head": [1714.802,1775.079,0], "Neck": [1782.659,1578.759,0], "LeftCollar": [1795.385,1410.03,0], "Torso": [1831.482,931.4077,0], "Waist": [1845.969,580.2402,0], "LeftShoulder": [1373.077,1348.567,0], "RightShoulder": [2261.175,1399.1,0], "LeftElbow": [1291.33,859.7489,0], "RightElbow": [2976.24,1215.851,0], "LeftWrist": [1182.941,374.972,0], "RightWrist": [2782.527,1787.21,0], "LeftHand": [1160.635,275.2087,0], "RightHand": [2739.234,1914.903,0], "LeftHip": [1590.395,440.6226,0], "RightHip": [2102.796,450.071,0], "LeftKnee": [0,0,0], "RightKnee": [0,0,0], "LeftAnkle": [0,0,0], "RightAnkle": [0,0,0]}}
{"index": 0 "data": {"Head": [1710.414,1775.311,0], "Neck": [1782.109,1578.444,0], "LeftCollar": [1794.974,1409.487,0], "Torso": [1831.41,930.9559,0], "Waist": [1845.838,579.8438,0], "LeftShoulder": [1372.696,1348.722,0], "RightShoulder": [2259.759,1398.441,0], "LeftElbow": [1289.582,859.7883,0], "RightElbow": [2970.313,1202.82,0], "LeftWrist": [1183.801,375.2286,0], "RightWrist": [2785.54,1770.233,0], "LeftHand": [1162.026,275.4834,0], "RightHand": [2744.031,1897.701,0], "LeftHip": [1590.464,441.8649,0], "RightHip": [2100.641,447.075,0], "LeftKnee": [0,0,0], "RightKnee": [0,0,0], "LeftAnkle": [0,0,0], "RightAnkle": [0,0,0]}}
{"index": 0 "data": {"Head": [1704.914,1775.446,0], "Neck": [1781.292,1578.102,0], "LeftCollar": [1794.36,1408.914,0], "Torso": [1831.323,930.3371,0], "Waist": [1845.695,579.425,0], "LeftShoulder": [1371.611,1349.42,0], "RightShoulder": [2257.649,1397.497,0], "LeftElbow": [1289.249,859.6912,0], "RightElbow": [2959.497,1182.068,0], "LeftWrist": [1183.675,372.004,0], "RightWrist": [2802.058,1755.67,0], "LeftHand": [1161.939,271.5978,0], "RightHand": [2766.597,1884.868,0], "LeftHip": [1591.193,442.5476,0], "RightHip": [2097.796,442.7729,0], "LeftKnee": [0,0,0], "RightKnee": [0,0,0], "LeftAnkle": [0,0,0], "RightAnkle": [0,0,0]}}
{"index": 0 "data": {"Head": [1696.64,1775.304,0], "Neck": [1779.781,1577.771,0], "LeftCollar": [1793.218,1408.353,0], "Torso": [1831.188,929.612,0], "Waist": [1845.548,579.0125,0], "LeftShoulder": [1369.873,1350.322,0], "RightShoulder": [2254.865,1396.869,0], "LeftElbow": [1287.604,859.9134,0], "RightElbow": [2940.834,1144.57,0], "LeftWrist": [1183.558,373.9005,0], "RightWrist": [2864.334,1717.432,0], "LeftHand": [1162.136,273.837,0], "RightHand": [2846.973,1847.433,0], "LeftHip": [1592.516,443.2713,0], "RightHip": [2095.053,438.6071,0], "LeftKnee": [0,0,0], "RightKnee": [0,0,0], "LeftAnkle": [0,0,0], "RightAnkle": [0,0,0]}}
{"index": 0 "data": {"Head": [1686.298,1775.421,0], "Neck": [1772.535,1577.427,0], "LeftCollar": [1787.658,1407.786,0], "Torso": [1830.397,928.3688,0], "Waist": [1844.985,578.1124,0], "LeftShoulder": [1361.727,1352.104,0], "RightShoulder": [2246.49,1396.499,0], "LeftElbow": [1285.335,860.3821,0], "RightElbow": [2920.55,1114.035,0], "LeftWrist": [1183.038,375.5334,0], "RightWrist": [2990.814,1674.663,0], "LeftHand": [1161.976,275.7045,0], "RightHand": [3007.04,1804.128,0], "LeftHip": [1595.551,442.089,0], "RightHip": [2091.128,430.9298,0], "LeftKnee": [0,0,0], "RightKnee": [0,0,0], "LeftAnkle": [0,0,0], "RightAnkle": [0,0,0]}}
{"index": 0 "data": {"Head": [1676.108,1776.258,0], "Neck": [1761.355,1576.938,0], "LeftCollar": [1779.069,1407.114,0], "Torso": [1829.183,926.6786,0], "Waist": [1844.093,576.4814,0], "LeftShoulder": [1349.785,1353.89,0], "RightShoulder": [2234.076,1395.991,0], "LeftElbow": [1280.953,851.3779,0], "RightElbow": [2924.832,1112.93,0], "LeftWrist": [1181.3,366.947,0], "RightWrist": [3109.146,1666.133,0], "LeftHand": [1160.74,266.9987,0], "RightHand": [3152.293,1795.635,0], "LeftHip": [1601.779,437.1489,0], "RightHip": [2085.446,419.2521,0], "LeftKnee": [0,0,0], "RightKnee": [0,0,0], "LeftAnkle": [0,0,0], "RightAnkle": [0,0,0]}}
{"index": 0 "data": {"Head": [1669.026,1777.53,0], "Neck": [1749.22,1576.388,0], "LeftCollar": [1769.711,1406.396,0], "Torso": [1827.804,924.4533,0], "Waist": [1843.023,573.3819,0], "LeftShoulder": [1339.144,1353.528,0], "RightShoulder": [2221.449,1396.275,0], "LeftElbow": [1276.761,842.9524,0], "RightElbow": [2933.347,1126.628,0], "LeftWrist": [1179.356,358.7181,0], "RightWrist": [3204.132,1668.437,0], "LeftHand": [1159.219,258.6102,0], "RightHand": [3268.373,1796.975,0], "LeftHip": [1605.089,420.5996,0], "RightHip": [2083.87,410.0748,0], "LeftKnee": [0,0,0], "RightKnee": [0,0,0], "LeftAnkle": [0,0,0], "RightAnkle": [0,0,0]}}
{"index": 0 "data": {"Head": [1664.955,1778.855,0], "Neck": [1738.946,1575.747,0], "LeftCollar": [1761.673,1405.544,0], "Torso": [1826.364,921.0973,0], "Waist": [1841.816,568.3853,0], "LeftShoulder": [1330.86,1351.953,0], "RightShoulder": [2213.355,1398.952,0], "LeftElbow": [1272.89,835.4832,0], "RightElbow": [2944.437,1151.057,0], "LeftWrist": [1176.945,351.402,0], "RightWrist": [3274.37,1693.953,0], "LeftHand": [1157.071,251.1301,0], "RightHand": [3352.899,1823.171,0], "LeftHip": [1601.887,413.9257,0], "RightHip": [2087.467,408.1522,0], "LeftKnee": [0,0,0], "RightKnee": [0,0,0], "LeftAnkle": [0,0,0], "RightAnkle": [0,0,0]}}
{"index": 0 "data": {"Head": [1661.379,1779.945,0], "Neck": [1729.693,1574.99,0], "LeftCollar": [1754.303,1404.542,0], "Torso": [1824.771,916.4969,0], "Waist": [1840.711,562.5074,0], "LeftShoulder": [1322.518,1350.784,0], "RightShoulder": [2206.148,1400.449,0], "LeftElbow": [1268.611,829.9323,0], "RightElbow": [2952.298,1171.689,0], "LeftWrist": [1173.897,345.9838,0], "RightWrist": [3303.424,1722.289,0], "LeftHand": [1154.247,245.5833,0], "RightHand": [3386.807,1853.041,0], "LeftHip": [1598.109,411.3663,0], "RightHip": [2088.841,407.5978,0], "LeftKnee": [0,0,0], "RightKnee": [0,0,0], "LeftAnkle": [0,0,0], "RightAnkle": [0,0,0]}}
{"index": 0 "data": {"Head": [1659.472,1780.704,0], "Neck": [1723.914,1574.224,0], "LeftCollar": [1749.558,1403.483,0], "Torso": [1823.534,910.9423,0], "Waist": [1839.742,556.5365,0], "LeftShoulder": [1321.791,1348.862,0], "RightShoulder": [2202.695,1401.659,0], "LeftElbow": [1263.434,824.6571,0], "RightElbow": [2956.577,1171.291,0], "LeftWrist": [1169.644,340.825,0], "RightWrist": [3308.243,1720.241,0], "LeftHand": [1150.149,240.2624,0], "RightHand": [3391.797,1850.669,0], "LeftHip": [1595.914,408.8441,0], "RightHip": [2088.543,407.3052,0], "LeftKnee": [0,0,0], "RightKnee": [0,0,0], "LeftAnkle": [0,0,0], "RightAnkle": [0,0,0]}}
{"index": 0 "data": {"Head": [1658.077,1781.479,0], "Neck": [1721.599,1573.266,0], "LeftCollar": [1747.596,1402.252,0], "Torso": [1823.088,905.6357,0], "Waist": [1839.045,551.463,0], "LeftShoulder": [1325.614,1347.025,0], "RightShoulder": [2202.242,1401.829,0], "LeftElbow": [1258.365,820.7862,0], "RightElbow": [2962.837,1170.412,0], "LeftWrist": [1160.415,337.7102,0], "RightWrist": [3313.257,1717.853,0], "LeftHand": [1140.039,237.2175,0], "RightHand": [3396.531,1847.947,0], "LeftHip": [1594.699,407.1838,0], "RightHip": [2087.531,408.3268,0], "LeftKnee": [0,0,0], "RightKnee": [0,0,0], "LeftAnkle": [0,0,0], "RightAnkle": [0,0,0]}}
{"index": 0 "data": {"Head": [1657.366,1782.311,0], "Neck": [1720.664,1572.318,0], "LeftCollar": [1746.785,1401.058,0], "Torso": [1823.018,901.2477,0], "Waist": [1838.422,547.5787,0], "LeftShoulder": [1329.283,1346.101,0], "RightShoulder": [2202.823,1401.595,0], "LeftElbow": [1258.397,819.3584,0], "RightElbow": [2968.937,1170.586,0], "LeftWrist": [1138.877,339.324,0], "RightWrist": [3308.947,1718.391,0], "LeftHand": [1114.007,239.4371,0], "RightHand": [3389.793,1848.645,0], "LeftHip": [1593.315,407.7544,0], "RightHip": [2087.083,411.7905,0], "LeftKnee": [0,0,0], "RightKnee": [0,0,0], "LeftAnkle": [0,0,0], "RightAnkle": [0,0,0]}}
{"index": 0 "data": {"Head": [1656.917,1783.12,0], "Neck": [1720.211,1571.404,0], "LeftCollar": [1746.363,1399.899,0], "Torso": [1822.951,897.6391,0], "Waist": [1838.101,536.5167,0], "LeftShoulder": [1329.319,1344.931,0], "RightShoulder": [2203.559,1401.106,0], "LeftElbow": [1259.269,820.4596,0], "RightElbow": [2975.209,1170.115,0], "LeftWrist": [1112.693,345.6648,0], "RightWrist": [3296.809,1720.368,0], "LeftHand": [1082.208,246.9176,0], "RightHand": [3373.226,1851.116,0], "LeftHip": [1592.405,409.2907,0], "RightHip": [2086.635,415.7972,0], "LeftKnee": [0,0,0], "RightKnee": [0,0,0], "LeftAnkle": [0,0,0], "RightAnkle": [0,0,0]}}
{"index": 0 "data": {"Head": [1655.163,1788.478,0], "Neck": [1719.987,1570.453,0], "LeftCollar": [1746.124,1398.7,0], "Torso": [1822.842,894.5716,0], "Waist": [1837.719,527.3358,0], "LeftShoulder": [1327.999,1343.603,0], "RightShoulder": [2204.377,1400.591,0], "LeftElbow": [1260.186,823.1404,0], "RightElbow": [2981.393,1166.205,0], "LeftWrist": [1096.651,353.6829,0], "RightWrist": [3252.368,1723.712,0], "LeftHand": [1062.692,256.1959,0], "RightHand": [3316.541,1855.742,0], "LeftHip": [1592.075,411.028,0], "RightHip": [2086.688,419.6356,0], "LeftKnee": [0,0,0], "RightKnee": [0,0,0], "LeftAnkle": [0,0,0], "RightAnkle": [0,0,0]}}
{"index": 0 "data": {"Head": [1653.835,1792.504,0], "Neck": [1719.885,1569.5,0], "LeftCollar": [1745.979,1397.498,0], "Torso": [1822.671,891.9717,0], "Waist": [1837.295,519.6957,0], "LeftShoulder": [1326.955,1342.329,0], "RightShoulder": [2205.174,1400.096,0], "LeftElbow": [1258.758,822.7407,0], "RightElbow": [2987.029,1156.213,0], "LeftWrist": [1086.336,356.4518,0], "RightWrist": [3138.431,1716.922,0], "LeftHand": [1050.625,259.8794,0], "RightHand": [3174.092,1848.99,0], "LeftHip": [1591.353,411.5376,0], "RightHip": [2086.042,420.8531,0], "LeftKnee": [0,0,0], "RightKnee": [0,0,0], "LeftAnkle": [0,0,0], "RightAnkle": [0,0,0]}}
{"index": 0 "data": {"Head": [1652.766,1795.611,0], "Neck": [1719.819,1568.531,0], "LeftCollar": [1745.871,1396.278,0], "Torso": [1822.48,889.7461,0], "Waist": [1837.263,513.2973,0], "LeftShoulder": [1325.974,1341.091,0], "RightShoulder": [2205.902,1399.621,0], "LeftElbow": [1256.911,822.5966,0], "RightElbow": [2989.109,1144.073,0], "LeftWrist": [1077.849,348.3441,0], "RightWrist": [3050.732,1713.068,0], "LeftHand": [1040.735,250.0475,0], "RightHand": [3065.169,1846.374,0], "LeftHip": [1589.366,414.464,0], "RightHip": [2086.838,423.327,0], "LeftKnee": [0,0,0], "RightKnee": [0,0,0], "LeftAnkle": [0,0,0], "RightAnkle": [0,0,0]}}
{"index": 0 "data": {"Head": [1651.945,1797.949,0], "Neck": [1720.095,1567.607,0], "LeftCollar": [1746.032,1395.095,0], "Torso": [1822.297,887.8489,0], "Waist": [1837.398,507.9182,0], "LeftShoulder": [1325.708,1340.132,0], "RightShoulder": [2206.74,1399.093,0], "LeftElbow": [1253.627,819.7097,0], "RightElbow": [2987.312,1143.707,0], "LeftWrist": [1068.665,343.0581,0], "RightWrist": [2941.609,1731.61,0], "LeftHand": [1030.377,244.39,0], "RightHand": [2931.131,1866.403,0], "LeftHip": [1588.803,414.2983,0], "RightHip": [2088.319,425.5472,0], "LeftKnee": [0,0,0], "RightKnee": [0,0,0], "LeftAnkle": [0,0,0], "RightAnkle": [0,0,0]}}
{"index": 0 "data": {"Head": [1651.468,1799.192,0], "Neck": [1720.458,1566.65,0], "LeftCollar": [1746.324,1393.885,0], "Torso": [1822.339,886.1678,0], "Waist": [1837.596,503.3005,0], "LeftShoulder": [1325.602,1339.189,0], "RightShoulder": [2207.514,1398.57,0], "LeftElbow": [1252.343,816.8829,0], "RightElbow": [2992.757,1148.869,0], "LeftWrist": [1059.14,338.9434,0], "RightWrist": [2859.36,1737.309,0], "LeftHand": [1019.167,240.058,0], "RightHand": [2829.295,1869.933,0], "LeftHip": [1589.903,411.3836,0], "RightHip": [2089.766,427.6351,0], "LeftKnee": [0,0,0], "RightKnee": [0,0,0], "LeftAnkle": [0,0,0], "RightAnkle": [0,0,0]}}
{"index": 0 "data": {"Head": [1650.617,1799.993,0], "Neck": [1720.841,1565.643,0], "LeftCollar": [1746.64,1392.627,0], "Torso": [1822.388,884.6347,0], "Waist": [1837.799,499.2679,0], "LeftShoulder": [1325.536,1338.265,0], "RightShoulder": [2208.215,1398.07,0], "LeftElbow": [1250.524,814.3033,0], "RightElbow": [2998.882,1155.272,0], "LeftWrist": [1051.678,333.1673,0], "RightWrist": [2809.34,1741.877,0], "LeftHand": [1010.531,233.606,0], "RightHand": [2766.999,1872.915,0], "LeftHip": [1589.395,412.1533,0], "RightHip": [2090.026,428.2137,0], "LeftKnee": [0,0,0], "RightKnee": [0,0,0], "LeftAnkle": [0,0,0], "RightAnkle": [0,0,0]}}
{"index": 0 "data": {"Head": [1649.773,1800.571,0], "Neck": [1721.2,1564.669,0], "LeftCollar": [1746.952,1391.403,0], "Torso": [1822.471,883.2843,0], "Waist": [1837.988,495.7689,0], "LeftShoulder": [1325.541,1337.37,0], "RightShoulder": [2208.807,1397.624,0], "LeftElbow": [1250.185,811.8269,0], "RightElbow": [3004.673,1161.149,0], "LeftWrist": [1051.166,328.6106,0], "RightWrist": [2785.529,1744.941,0], "LeftHand": [1009.991,228.6376,0], "RightHand": [2736.818,1874.704,0], "LeftHip": [1590.338,410.6448,0], "RightHip": [2089.681,427.8947,0], "LeftKnee": [0,0,0], "RightKnee": [0,0,0], "LeftAnkle": [0,0,0], "RightAnkle": [0,0,0]}}
{"index": 0 "data": {"Head": [1649,1800.868,0], "Neck": [1721.468,1563.644,0], "LeftCollar": [1747.054,1390.12,0], "Torso": [1821.975,881.9918,0], "Waist": [1838.14,492.6232,0], "LeftShoulder": [1325.564,1336.409,0], "RightShoulder": [2209.262,1397.219,0], "LeftElbow": [1249.88,809.6498,0], "RightElbow": [3006.825,1163.243,0], "LeftWrist": [1050.684,324.1045,0], "RightWrist": [2765.267,1743.92,0], "LeftHand": [1009.475,223.6569,0], "RightHand": [2711.62,1872.878,0], "LeftHip": [1590.739,409.5331,0], "RightHip": [2089.671,427.1128,0], "LeftKnee": [0,0,0], "RightKnee": [0,0,0], "LeftAnkle": [0,0,0], "RightAnkle": [0,0,0]}}
{"index": 0 "data": {"Head": [1648.269,1800.965,0], "Neck": [1721.859,1562.551,0], "LeftCollar": [1747.248,1388.774,0], "Torso": [1821.473,880.7395,0], "Waist": [1838.289,489.7401,0], "LeftShoulder": [1325.652,1335.466,0], "RightShoulder": [2209.79,1396.807,0], "LeftElbow": [1249.543,807.14,0], "RightElbow": [3009.265,1164.934,0], "LeftWrist": [1049.613,320.8168,0], "RightWrist": [2782.449,1751.065,0], "LeftHand": [1008.27,220.2506,0], "RightHand": [2732.018,1881.385,0], "LeftHip": [1590.485,408.4843,0], "RightHip": [2089.889,426.2543,0], "LeftKnee": [0,0,0], "RightKnee": [0,0,0], "LeftAnkle": [0,0,0], "RightAnkle": [0,0,0]}}
{"index": 0 "data": {"Head": [1647.864,1800.931,0], "Neck": [1722.394,1561.488,0], "LeftCollar": [1747.552,1387.455,0], "Torso": [1820.968,879.6002,0], "Waist": [1838.422,487.1522,0], "LeftShoulder": [1325.838,1334.659,0], "RightShoulder": [2210.332,1396.388,0], "LeftElbow": [1249.815,805.3322,0], "RightElbow": [3012.314,1166.811,0], "LeftWrist": [1050.009,319.4646,0], "RightWrist": [2816.211,1760.465,0], "LeftHand": [1008.684,218.9724,0], "RightHand": [2772.53,1892.698,0], "LeftHip": [1589.993,407.5036,0], "RightHip": [2090.317,425.4836,0], "LeftKnee": [0,0,0], "RightKnee": [0,0,0], "LeftAnkle": [0,0,0], "RightAnkle": [0,0,0]}}
{"index": 0 "data": {"Head": [1646.857,1800.791,0], "Neck": [1722.881,1560.309,0], "LeftCollar": [1747.918,1386.033,0], "Torso": [1820.775,878.902,0], "Waist": [1838.515,485.1531,0], "LeftShoulder": [1326.054,1333.743,0], "RightShoulder": [2210.823,1395.995,0], "LeftElbow": [1249.884,804.3828,0], "RightElbow": [3012.975,1165.467,0], "LeftWrist": [1049.947,319.6051,0], "RightWrist": [2864.508,1768.141,0], "LeftHand": [1008.569,219.2781,0], "RightHand": [2831.357,1902.712,0], "LeftHip": [1591.154,403.6608,0], "RightHip": [2090.8,424.4086,0], "LeftKnee": [0,0,0], "RightKnee": [0,0,0], "LeftAnkle": [0,0,0], "RightAnkle": [0,0,0]}}
{"index": 0 "data": {"Head": [1645.952,1799.803,0], "Neck": [1723.506,1559.12,0], "LeftCollar": [1748.429,1384.723,0], "Torso": [1820.581,879.8523,0], "Waist": [1839.159,485.2958,0], "LeftShoulder": [1327.671,1331.681,0], "RightShoulder": [2210.823,1394.178,0], "LeftElbow": [1249.985,803.1279,0], "RightElbow": [3013.376,1162.257,0], "LeftWrist": [1050.001,319.1115,0], "RightWrist": [2941.129,1774.793,0], "LeftHand": [1008.585,218.8751,0], "RightHand": [2924.915,1912.266,0], "LeftHip": [1592.119,399.4369,0], "RightHip": [2092.706,422.9556,0], "LeftKnee": [0,0,0], "RightKnee": [0,0,0], "LeftAnkle": [0,0,0], "RightAnkle": [0,0,0]}}
{"index": 0 "data": {"Head": [1644.936,1798.61,0], "Neck": [1723.689,1557.922,0], "LeftCollar": [1748.601,1383.445,0], "Torso": [1820.2,881.9926,0], "Waist": [1839.662,486.8087,0], "LeftShoulder": [1329.005,1329.439,0], "RightShoulder": [2210.51,1392.555,0], "LeftElbow": [1250.082,802.1302,0], "RightElbow": [3012.01,1154.894,0], "LeftWrist": [1048.997,316.4948,0], "RightWrist": [3041.904,1772.24,0], "LeftHand": [1007.323,215.8503,0], "RightHand": [3048.686,1912.3,0], "LeftHip": [1593.195,394.8115,0], "RightHip": [2094.436,421.2126,0], "LeftKnee": [0,0,0], "RightKnee": [0,0,0], "LeftAnkle": [0,0,0], "RightAnkle": [0,0,0]}}
{"index": 0 "data": {"Head": [1644.031,1796.787,0], "Neck": [1723.801,1556.721,0], "LeftCollar": [1748.456,1382.263,0], "Torso": [1818.725,885.0339,0], "Waist": [1839.573,489.6144,0], "LeftShoulder": [1329.268,1328.967,0], "RightShoulder": [2210.512,1391.932,0], "LeftElbow": [1250.347,802.2962,0], "RightElbow": [3007.979,1148.048,0], "LeftWrist": [1047.104,311.4335,0], "RightWrist": [3118.78,1765.326,0], "LeftHand": [1004.948,209.6213,0], "RightHand": [3144.345,1907.752,0], "LeftHip": [1590.885,395.3755,0], "RightHip": [2095.974,421.1194,0], "LeftKnee": [0,0,0], "RightKnee": [0,0,0], "LeftAnkle": [0,0,0], "RightAnkle": [0,0,0]}}
{"index": 0 "data": {"Head": [1643.256,1794.995,0], "Neck": [1723.902,1555.604,0], "LeftCollar": [1748.275,1381.224,0], "Torso": [1817.175,888.2665,0], "Waist": [1839.44,492.9086,0], "LeftShoulder": [1329.537,1328.521,0], "RightShoulder": [2210.642,1391.715,0], "LeftElbow": [1250.589,802.5125,0], "RightElbow": [3004.265,1147.996,0], "LeftWrist": [1048.371,314.889,0], "RightWrist": [3187.988,1750.419,0], "LeftHand": [1006.42,213.7291,0], "RightHand": [3231.183,1892.051,0], "LeftHip": [1588.739,396.668,0], "RightHip": [2097.222,421.2215,0], "LeftKnee": [0,0,0], "RightKnee": [0,0,0], "LeftAnkle": [0,0,0], "RightAnkle": [0,0,0]}}
{"index": 0 "data": {"Head": [1642.373,1792.881,0], "Neck": [1724,1554.236,0], "LeftCollar": [1748.083,1379.965,0], "Torso": [1815.658,890.9943,0], "Waist": [1839.239,495.8025,0], "LeftShoulder": [1329.572,1327.929,0], "RightShoulder": [2210.867,1391.416,0], "LeftElbow": [1250.569,802.3917,0], "RightElbow": [3000.63,1148.687,0], "LeftWrist": [1049.101,317.1599,0], "RightWrist": [3219.857,1744.249,0], "LeftHand": [1007.309,216.5048,0], "RightHand": [3271.694,1885.072,0], "LeftHip": [1587.492,395.7899,0], "RightHip": [2098.785,420.9054,0], "LeftKnee": [0,0,0], "RightKnee": [0,0,0], "LeftAnkle": [0,0,0], "RightAnkle": [0,0,0]}}
{"index": 0 "data": {"Head": [1641.79,1791.285,0], "Neck": [1724.11,1552.865,0], "LeftCollar": [1747.915,1378.586,0], "Torso": [1814.316,892.455,0], "Waist": [1839.055,496.9095,0], "LeftShoulder": [1329.807,1327.387,0], "RightShoulder": [2211.11,1391.152,0], "LeftElbow": [1250.51,802.314,0], "RightElbow": [2995.967,1147.92,0], "LeftWrist": [1045.851,309.8549,0], "RightWrist": [3230.744,1752.601,0], "LeftHand": [1003.371,207.6373,0], "RightHand": [3286.575,1896.395,0], "LeftHip": [1586.423,395.0088,0], "RightHip": [2099.851,420.7563,0], "LeftKnee": [0,0,0], "RightKnee": [0,0,0], "LeftAnkle": [0,0,0], "RightAnkle": [0,0,0]}}
{"index": 0 "data": {"Head": [1641.203,1789.939,0], "Neck": [1724.215,1551.536,0], "LeftCollar": [1747.693,1377.084,0], "Torso": [1812.924,892.3876,0], "Waist": [1838.875,496.3794,0], "LeftShoulder": [1329.641,1326.831,0], "RightShoulder": [2211.7,1391.048,0], "LeftElbow": [1250.503,802.4169,0], "RightElbow": [2994.501,1151.024,0], "LeftWrist": [1043.399,304.9341,0], "RightWrist": [3235.51,1766.683,0], "LeftHand": [1000.391,201.6249,0], "RightHand": [3292.882,1913.24,0], "LeftHip": [1585.659,393.5904,0], "RightHip": [2100.43,420.0643,0], "LeftKnee": [0,0,0], "RightKnee": [0,0,0], "LeftAnkle": [0,0,0], "RightAnkle": [0,0,0]}}
{"index": 0 "data": {"Head": [1640.349,1788.71,0], "Neck": [1724.315,1550.212,0], "LeftCollar": [1747.468,1375.586,0], "Torso": [1811.626,891.6905,0], "Waist": [1838.713,495.2559,0], "LeftShoulder": [1330.092,1326.411,0], "RightShoulder": [2212.231,1390.97,0], "LeftElbow": [1250.498,802.5402,0], "RightElbow": [2994.295,1150.473,0], "LeftWrist": [1040.998,300.809,0], "RightWrist": [3231.168,1770.957,0], "LeftHand": [997.4709,196.5656,0], "RightHand": [3287.681,1918.992,0], "LeftHip": [1585.237,391.967,0], "RightHip": [2100.714,419.3868,0], "LeftKnee": [0,0,0], "RightKnee": [0,0,0], "LeftAnkle": [0,0,0], "RightAnkle": [0,0,0]}}
{"index": 0 "data": {"Head": [1639.598,1787.803,0], "Neck": [1724.42,1548.854,0], "LeftCollar": [1747.275,1374.088,0], "Torso": [1810.501,890.6241,0], "Waist": [1838.616,493.8174,0], "LeftShoulder": [1330.51,1325.911,0], "RightShoulder": [2212.707,1390.9,0], "LeftElbow": [1250.499,802.6861,0], "RightElbow": [2993.941,1149.058,0], "LeftWrist": [1038.72,297.4948,0], "RightWrist": [3206.311,1772.881,0], "LeftHand": [994.696,192.4775,0], "RightHand": [3257.103,1922.08,0], "LeftHip": [1584.967,389.9294,0], "RightHip": [2101.034,418.4679,0], "LeftKnee": [0,0,0], "RightKnee": [0,0,0], "LeftAnkle": [0,0,0], "RightAnkle": [0,0,0]}}
{"index": 0 "data": {"Head": [1638.799,1787.152,0], "Neck": [1724.519,1547.52,0], "LeftCollar": [1747.152,1372.649,0], "Torso": [1809.698,889.3907,0], "Waist": [1838.564,492.2615,0], "LeftShoulder": [1330.679,1325.436,0], "RightShoulder": [2213.135,1390.859,0], "LeftElbow": [1250.517,802.9266,0], "RightElbow": [2993.498,1146.72,0], "LeftWrist": [1036.933,295.6887,0], "RightWrist": [3111.484,1769.44,0], "LeftHand": [992.5091,190.1877,0], "RightHand": [3139.742,1918.587,0], "LeftHip": [1584.899,387.9279,0], "RightHip": [2101.073,417.5021,0], "LeftKnee": [0,0,0], "RightKnee": [0,0,0], "LeftAnkle": [0,0,0], "RightAnkle": [0,0,0]}}
{"index": 0 "data": {"Head": [1637.632,1786.687,0], "Neck": [1724.611,1546.281,0], "LeftCollar": [1746.733,1371.311,0], "Torso": [1807.842,887.9694,0], "Waist": [1838.444,490.6199,0], "LeftShoulder": [1329.388,1324.906,0], "RightShoulder": [2213.473,1390.839,0], "LeftElbow": [1250.574,803.3672,0], "RightElbow": [2992.212,1143.847,0], "LeftWrist": [1035.105,294.2509,0], "RightWrist": [2952.469,1752.737,0], "LeftHand": [990.2409,188.2456,0], "RightHand": [2942.997,1897.863,0], "LeftHip": [1585.499,384.7171,0], "RightHip": [2100.632,415.5984,0], "LeftKnee": [0,0,0], "RightKnee": [0,0,0], "LeftAnkle": [0,0,0], "RightAnkle": [0,0,0]}}
{"index": 0 "data": {"Head": [1636.333,1786.495,0], "Neck": [1724.669,1545.038,0], "LeftCollar": [1746.256,1369.984,0], "Torso": [1805.888,886.386,0], "Waist": [1838.39,488.876,0], "LeftShoulder": [1328.093,1324.282,0], "RightShoulder": [2213.714,1390.794,0], "LeftElbow": [1250.583,803.6589,0], "RightElbow": [2988.926,1145.787,0], "LeftWrist": [1034.358,293.0051,0], "RightWrist": [2846.321,1749.403,0], "LeftHand": [989.2632,186.5043,0], "RightHand": [2812.764,1891.445,0], "LeftHip": [1586.833,381.2344,0], "RightHip": [2099.716,411.9476,0], "LeftKnee": [0,0,0], "RightKnee": [0,0,0], "LeftAnkle": [0,0,0], "RightAnkle": [0,0,0]}}
{"index": 0 "data": {"Head": [1634.861,1786.892,0], "Neck": [1724.686,1544.495,0], "LeftCollar": [1745.779,1369.352,0], "Torso": [1804.052,885.4914,0], "Waist": [1838.508,487.8667,0], "LeftShoulder": [1327.058,1324.373,0], "RightShoulder": [2213.744,1390.895,0], "LeftElbow": [1250.502,804.1307,0], "RightElbow": [2986.406,1149.495,0], "LeftWrist": [1034.402,294.312,0], "RightWrist": [2798.791,1756.923,0], "LeftHand": [989.2333,187.751,0], "RightHand": [2755.351,1897.566,0], "LeftHip": [1587.049,381.9478,0], "RightHip": [2098.068,409.2063,0], "LeftKnee": [0,0,0], "RightKnee": [0,0,0], "LeftAnkle": [0,0,0], "RightAnkle": [0,0,0]}}
{"index": 0 "data": {"Head": [1633.247,1787.34,0], "Neck": [1724.686,1544.27,0], "LeftCollar": [1745.286,1369.013,0], "Torso": [1802.206,884.7607,0], "Waist": [1838.623,487.0392,0], "LeftShoulder": [1325.411,1325.144,0], "RightShoulder": [2213.691,1391.039,0], "LeftElbow": [1250.349,804.8428,0], "RightElbow": [2987.351,1154.097,0], "LeftWrist": [1035.272,297.4892,0], "RightWrist": [2751.409,1754.944,0], "LeftHand": [990.1959,191.1561,0], "RightHand": [2697.656,1891.832,0], "LeftHip": [1587.358,382.2301,0], "RightHip": [2096.042,405.567,0], "LeftKnee": [0,0,0], "RightKnee": [0,0,0], "LeftAnkle": [0,0,0], "RightAnkle": [0,0,0]}}
{"index": 0 "data": {"Head": [1633.394,1782.759,0], "Neck": [1724.678,1544.07,0], "LeftCollar": [1744.744,1368.698,0], "Torso": [1800.202,884.0138,0], "Waist": [1838.659,486.2019,0], "LeftShoulder": [1323.618,1325.97,0], "RightShoulder": [2213.633,1391.105,0], "LeftElbow": [1249.573,805.1468,0], "RightElbow": [2988.668,1158.519,0], "LeftWrist": [1036.187,300.5011,0], "RightWrist": [2729.016,1753.158,0], "LeftHand": [991.3411,194.4434,0], "RightHand": [2670.409,1887.376,0], "LeftHip": [1587.38,382.3563,0], "RightHip": [2093.599,401.2234,0], "LeftKnee": [0,0,0], "RightKnee": [0,0,0], "LeftAnkle": [0,0,0], "RightAnkle": [0,0,0]}}
{"index": 0 "data": {"Head": [1633.281,1779.115,0], "Neck": [1724.645,1543.895,0], "LeftCollar": [1744.079,1368.363,0], "Torso": [1797.815,883.0132,0], "Waist": [1837.265,484.9991,0], "LeftShoulder": [1321.9,1326.759,0], "RightShoulder": [2213.555,1391.171,0], "LeftElbow": [1248.122,805.037,0], "RightElbow": [2988.177,1159.107,0], "LeftWrist": [1037.415,304.8343,0], "RightWrist": [2745.755,1754.66,0], "LeftHand": [993.176,199.815,0], "RightHand": [2691.164,1888.771,0], "LeftHip": [1586.062,382.5358,0], "RightHip": [2092.033,401.538,0], "LeftKnee": [0,0,0], "RightKnee": [0,0,0], "LeftAnkle": [0,0,0], "RightAnkle": [0,0,0]}}
{"index": 0 "data": {"Head": [1632.756,1776.147,0], "Neck": [1724.374,1543.7,0], "LeftCollar": [1743.225,1367.742,0], "Torso": [1795.457,880.1988,0], "Waist": [1835.639,480.9124,0], "LeftShoulder": [1319.776,1327.456,0], "RightShoulder": [2213.309,1391.239,0], "LeftElbow": [1246.143,803.0703,0], "RightElbow": [2989.726,1157.45,0], "LeftWrist": [1038.213,306.4849,0], "RightWrist": [2788.808,1757.51,0], "LeftHand": [994.6528,202.4524,0], "RightHand": [2743.445,1892.991,0], "LeftHip": [1584.07,382.2727,0], "RightHip": [2090.056,401.6005,0], "LeftKnee": [0,0,0], "RightKnee": [0,0,0], "LeftAnkle": [0,0,0], "RightAnkle": [0,0,0]}}
{"index": 0 "data": {"Head": [1618.459,1774.967,0], "Neck": [1714.152,1544.292,0], "LeftCollar": [1734.831,1367.698,0], "Torso": [1792.21,877.7028,0], "Waist": [1829.78,475.7225,0], "LeftShoulder": [1311.659,1326.126,0], "RightShoulder": [2200.517,1386.203,0], "LeftElbow": [1241.995,797.8564,0], "RightElbow": [2991.495,1154.999,0], "LeftWrist": [1037.378,303.2241,0], "RightWrist": [2862.891,1763.758,0], "LeftHand": [994.6378,199.9067,0], "RightHand": [2833.66,1902.123,0], "LeftHip": [1578.787,380.8923,0], "RightHip": [2084.986,402.4711,0], "LeftKnee": [0,0,0], "RightKnee": [0,0,0], "LeftAnkle": [0,0,0], "RightAnkle": [0,0,0]}}
{"index": 0 "data": {"Head": [1604.196,1773.626,0], "Neck": [1702.112,1544.613,0], "LeftCollar": [1725.238,1367.186,0], "Torso": [1789.403,874.9023,0], "Waist": [1824.705,470.3116,0], "LeftShoulder": [1304.323,1322.591,0], "RightShoulder": [2191.158,1387.686,0], "LeftElbow": [1237.411,787.5023,0], "RightElbow": [2978.979,1126.478,0], "LeftWrist": [1032.729,289.2258,0], "RightWrist": [3023.975,1752.986,0], "LeftHand": [990.068,185.3726,0], "RightHand": [3034.319,1897.007,0], "LeftHip": [1574.777,379.736,0], "RightHip": [2082.806,400.7363,0], "LeftKnee": [0,0,0], "RightKnee": [0,0,0], "LeftAnkle": [0,0,0], "RightAnkle": [0,0,0]}}
{"index": 0 "data": {"Head": [1591.293,1773.85,0], "Neck": [1689.419,1545.261,0], "LeftCollar": [1715.197,1366.822,0], "Torso": [1786.645,872.2466,0], "Waist": [1820.726,464.7836,0], "LeftShoulder": [1297.483,1319.429,0], "RightShoulder": [2182.825,1389.729,0], "LeftElbow": [1232.581,778.7864,0], "RightElbow": [2948.492,1069.422,0], "LeftWrist": [1035.509,280.8229,0], "RightWrist": [3141.507,1672.82,0], "LeftHand": [994.5112,177.2274,0], "RightHand": [3186.637,1813.903,0], "LeftHip": [1571.872,377.4835,0], "RightHip": [2086.984,392.6719,0], "LeftKnee": [0,0,0], "RightKnee": [0,0,0], "LeftAnkle": [0,0,0], "RightAnkle": [0,0,0]}}
{"index": 0 "data": {"Head": [1578.578,1777.192,0], "Neck": [1679.842,1546.814,0], "LeftCollar": [1707.606,1367.262,0], "Torso": [1784.403,870.6086,0], "Waist": [1818.242,460.3929,0], "LeftShoulder": [1290.499,1318.338,0], "RightShoulder": [2178.269,1392.311,0], "LeftElbow": [1232.459,781.8224,0], "RightElbow": [2913.971,1040.518,0], "LeftWrist": [1045.849,284.2487,0], "RightWrist": [3245.599,1595.997,0], "LeftHand": [1007.246,181.3193,0], "RightHand": [3325.225,1729.371,0], "LeftHip": [1567.521,369.7999,0], "RightHip": [2089.174,382.9408,0], "LeftKnee": [0,0,0], "RightKnee": [0,0,0], "LeftAnkle": [0,0,0], "RightAnkle": [0,0,0]}}
{"index": 0 "data": {"Head": [1568.758,1779.567,0], "Neck": [1672.769,1547.562,0], "LeftCollar": [1702.003,1366.853,0], "Torso": [1782.743,867.7787,0], "Waist": [1816.8,454.5811,0], "LeftShoulder": [1286.986,1316.062,0], "RightShoulder": [2175.928,1393.219,0], "LeftElbow": [1225.091,771.8414,0], "RightElbow": [2904.853,1014.998,0], "LeftWrist": [1032.048,264.7037,0], "RightWrist": [3349.383,1513.401,0], "LeftHand": [992.1669,159.9326,0], "RightHand": [3460.007,1637.432,0], "LeftHip": [1561.021,357.0217,0], "RightHip": [2091.186,377.2295,0], "LeftKnee": [0,0,0], "RightKnee": [0,0,0], "LeftAnkle": [0,0,0], "RightAnkle": [0,0,0]}}
{"index": 0 "data": {"Head": [1561.594,1780.838,0], "Neck": [1667.768,1547.898,0], "LeftCollar": [1698.169,1366.002,0], "Torso": [1781.946,864.7407,0], "Waist": [1816.466,448.7695,0], "LeftShoulder": [1282.061,1312.296,0], "RightShoulder": [2176.057,1392.585,0], "LeftElbow": [1216.819,762.7509,0], "RightElbow": [2893.29,989.0966,0], "LeftWrist": [1024.054,250.0009,0], "RightWrist": [3444.146,1393.754,0], "LeftHand": [984.3151,144.2961,0], "RightHand": [3585.621,1497.681,0], "LeftHip": [1558.982,352.7093,0], "RightHip": [2093.639,372.8696,0], "LeftKnee": [0,0,0], "RightKnee": [0,0,0], "LeftAnkle": [0,0,0], "RightAnkle": [0,0,0]}}
{"index": 0 "data": {"Head": [1554.766,1781.483,0], "Neck": [1663.839,1548.485,0], "LeftCollar": [1695.171,1365.204,0], "Torso": [1781.304,861.3473,0], "Waist": [1816.293,442.1382,0], "LeftShoulder": [1278.469,1307.029,0], "RightShoulder": [2176.562,1391.06,0], "LeftElbow": [1207.284,750.7794,0], "RightElbow": [2887.174,976.4836,0], "LeftWrist": [1020.657,240.5986,0], "RightWrist": [3495.053,1222.138,0], "LeftHand": [982.3595,135.9065,0], "RightHand": [3656.688,1287.457,0], "LeftHip": [1557.715,348.8401,0], "RightHip": [2096.62,367.3496,0], "LeftKnee": [0,0,0], "RightKnee": [0,0,0], "LeftAnkle": [0,0,0], "RightAnkle": [0,0,0]}}
{"index": 0 "data": {"Head": [1545.196,1786.673,0], "Neck": [1661.465,1548.825,0], "LeftCollar": [1694.149,1364.229,0], "Torso": [1783.626,858.8708,0], "Waist": [1817.689,436.5944,0], "LeftShoulder": [1281.742,1303.946,0], "RightShoulder": [2176.382,1383.944,0], "LeftElbow": [1208.103,747.0269,0], "RightElbow": [2866.676,951.514,0], "LeftWrist": [1031.084,234.9797,0], "RightWrist": [3469.568,1051.012,0], "LeftHand": [994.7929,130.0038,0], "RightHand": [3633.404,1078.051,0], "LeftHip": [1559.13,347.4221,0], "RightHip": [2101.036,361.3278,0], "LeftKnee": [0,0,0], "RightKnee": [0,0,0], "LeftAnkle": [0,0,0], "RightAnkle": [0,0,0]}}
{"index": 0 "data": {"Head": [1537.553,1788.205,0], "Neck": [1659.353,1547.438,0], "LeftCollar": [1695.706,1361.613,0], "Torso": [1794.768,855.2442,0], "Waist": [1825.381,429.1273,0], "LeftShoulder": [1286.236,1288.749,0], "RightShoulder": [2179.177,1379.201,0], "LeftElbow": [1216.826,737.8671,0], "RightElbow": [2844.782,922.0919,0], "LeftWrist": [1055.824,219.8461,0], "RightWrist": [3401.51,906.5456,0], "LeftHand": [1022.604,112.9634,0], "RightHand": [3554.384,902.2768,0], "LeftHip": [1559.73,340.1626,0], "RightHip": [2112.07,353.0358,0], "LeftKnee": [0,0,0], "RightKnee": [0,0,0], "LeftAnkle": [0,0,0], "RightAnkle": [0,0,0]}}
{"index": 0 "data": {"Head": [1529.97,1789.64,0], "Neck": [1663.443,1541.979,0], "LeftCollar": [1703.307,1354.126,0], "Torso": [1811.075,846.271,0], "Waist": [1839.394,414.4263,0], "LeftShoulder": [1295.628,1285.015,0], "RightShoulder": [2192.03,1366.302,0], "LeftElbow": [1246.113,729.823,0], "RightElbow": [2833.249,884.1108,0], "LeftWrist": [1095.778,206.4698,0], "RightWrist": [3276.509,744.7144,0], "LeftHand": [1064.608,97.95691,0], "RightHand": [3399.253,706.1138,0], "LeftHip": [1565.316,331.2866,0], "RightHip": [2129.864,342.8046,0], "LeftKnee": [0,0,0], "RightKnee": [0,0,0], "LeftAnkle": [0,0,0], "RightAnkle": [0,0,0]}}
{"index": 0 "data": {"Head": [1525.188,1789.333,0], "Neck": [1671.952,1530.85,0], "LeftCollar": [1714.901,1340.534,0], "Torso": [1829.877,831.0374,0], "Waist": [1857.227,393.8947,0], "LeftShoulder": [1305.014,1273.483,0], "RightShoulder": [2213.538,1349.69,0], "LeftElbow": [1263.186,715.5313,0], "RightElbow": [2828.226,834.694,0], "LeftWrist": [1137.493,183.8921,0], "RightWrist": [3272.825,569.2814,0], "LeftHand": [1111.489,73.90564,0], "RightHand": [3395.692,495.9338,0], "LeftHip": [1582.678,333.9322,0], "RightHip": [2154.326,330.9825,0], "LeftKnee": [0,0,0], "RightKnee": [0,0,0], "LeftAnkle": [0,0,0], "RightAnkle": [0,0,0]}}
{"index": 0 "data": {"Head": [1531.92,1783.898,0], "Neck": [1688.028,1516.432,0], "LeftCollar": [1734.303,1323.38,0], "Torso": [1857.378,809.9333,0], "Waist": [1886.622,365.939,0], "LeftShoulder": [1334.561,1265.737,0], "RightShoulder": [2244.888,1330.323,0], "LeftElbow": [1300.818,700.0964,0], "RightElbow": [2818.924,776.371,0], "LeftWrist": [1163.18,161.2424,0], "RightWrist": [3272.784,368.4396,0], "LeftHand": [1134.665,49.60974,0], "RightHand": [3397.021,256.7758,0], "LeftHip": [1612.773,333.0173,0], "RightHip": [2192.216,317.0626,0], "LeftKnee": [0,0,0], "RightKnee": [0,0,0], "LeftAnkle": [0,0,0], "RightAnkle": [0,0,0]}}
{"index": 0 "data": {"Head": [1550.77,1773.242,0], "Neck": [1716.51,1498.071,0], "LeftCollar": [1762.726,1302.409,0], "Torso": [1884.565,786.591,0], "Waist": [1915.46,335.6215,0], "LeftShoulder": [1339.983,1246.945,0], "RightShoulder": [2281.963,1298.972,0], "LeftElbow": [1320.283,683.8836,0], "RightElbow": [2832.773,718.6976,0], "LeftWrist": [1194.522,133.1776,0], "RightWrist": [3221.684,269.9149,0], "LeftHand": [1168.358,18.60559,0], "RightHand": [3329.395,145.6208,0], "LeftHip": [1644.53,328.3779,0], "RightHip": [2228.901,306.741,0], "LeftKnee": [0,0,0], "RightKnee": [0,0,0], "LeftAnkle": [0,0,0], "RightAnkle": [0,0,0]}}
{"index": 0 "data": {"Head": [1578.38,1759.681,0], "Neck": [1745.761,1478.897,0], "LeftCollar": [1793.962,1281.404,0], "Torso": [1919.464,767.1932,0], "Waist": [1960.113,308.8898,0], "LeftShoulder": [1383.768,1235.007,0], "RightShoulder": [2322.612,1272.969,0], "LeftElbow": [1359.98,676.5369,0], "RightElbow": [2858.982,673.499,0], "LeftWrist": [1229.53,118.1741,0], "RightWrist": [3227.024,161.7609,0], "LeftHand": [1202.105,0.7841797,0], "RightHand": [3329.132,19.78723,0], "LeftHip": [1683.063,315.1868,0], "RightHip": [2279.551,289.7529,0], "LeftKnee": [0,0,0], "RightKnee": [0,0,0], "LeftAnkle": [0,0,0], "RightAnkle": [0,0,0]}}
{"index": 0 "data": {"Head": [1605.17,1743.855,0], "Neck": [1778.307,1459.057,0], "LeftCollar": [1829.499,1259.763,0], "Torso": [1960.511,749.7208,0], "Waist": [2006.535,283.7209,0], "LeftShoulder": [1417.033,1212.045,0], "RightShoulder": [2362.009,1239.193,0], "LeftElbow": [1396.654,668.3116,0], "RightElbow": [2900.026,626.5668,0], "LeftWrist": [1244.965,102.0278,0], "RightWrist": [3213.562,20.79272,0], "LeftHand": [1212.476,-19.2627,0], "RightHand": [3299.938,-146.0933,0], "LeftHip": [1726.438,307.97,0], "RightHip": [2328.709,265.6567,0], "LeftKnee": [0,0,0], "RightKnee": [0,0,0], "LeftAnkle": [0,0,0], "RightAnkle": [0,0,0]}}
{"index": 0 "data": {"Head": [1627.351,1724.164,0], "Neck": [1816.524,1436.966,0], "LeftCollar": [1868.569,1234.762,0], "Torso": [2001.685,717.5787,0], "Waist": [2044.119,241.1172,0], "LeftShoulder": [1462.228,1192.987,0], "RightShoulder": [2417.154,1213.332,0], "LeftElbow": [1449.669,643.1631,0], "RightElbow": [2966.044,567.8195,0], "LeftWrist": [1266.8,69.79401,0], "RightWrist": [3220.695,-81.44006,0], "LeftHand": [1227.019,-54.93591,0], "RightHand": [3291.944,-263.0986,0], "LeftHip": [1770.882,299.4152,0], "RightHip": [2367.656,237.5184,0], "LeftKnee": [0,0,0], "RightKnee": [0,0,0], "LeftAnkle": [0,0,0], "RightAnkle": [0,0,0]}}
{"index": 0 "data": {"Head": [1655.428,1703.131,0], "Neck": [1858.173,1411.965,0], "LeftCollar": [1910.918,1207.124,0], "Torso": [2045.036,686.2578,0], "Waist": [2087.71,197.6932,0], "LeftShoulder": [1488.692,1173.964,0], "RightShoulder": [2467.818,1167.845,0], "LeftElbow": [1517.038,611.3916,0], "RightElbow": [3050.379,493.1132,0], "LeftWrist": [1308.596,26.81494,0], "RightWrist": [3156.836,-176.2881,0], "LeftHand": [1263.012,-101.0242,0], "RightHand": [3187.234,-367.4283,0], "LeftHip": [1812.498,284.844,0], "RightHip": [2412.104,211.7624,0], "LeftKnee": [0,0,0], "RightKnee": [0,0,0], "LeftAnkle": [0,0,0], "RightAnkle": [0,0,0]}}
{"index": 0 "data": {"Head": [1692.389,1671.682,0], "Neck": [1904.385,1374.978,0], "LeftCollar": [1958.208,1168.217,0], "Torso": [2093.877,647.0524,0], "Waist": [2145.557,143.9694,0], "LeftShoulder": [1547.414,1143.225,0], "RightShoulder": [2535.81,1123.202,0], "LeftElbow": [1563.854,559.067,0], "RightElbow": [3149.314,398.0522,0], "LeftWrist": [1353.202,-46.64697,0], "RightWrist": [3117.421,-286.9451,0], "LeftHand": [1306.479,-180.9966,0], "RightHand": [3108.074,-487.7206,0], "LeftHip": [1864.843,266.764,0], "RightHip": [2471.914,189.2714,0], "LeftKnee": [0,0,0], "RightKnee": [0,0,0], "LeftAnkle": [0,0,0], "RightAnkle": [0,0,0]}}
{"index": 0 "data": {"Head": [1737.776,1649.056,0], "Neck": [1953.726,1345.778,0], "LeftCollar": [2009.234,1134.488,0], "Torso": [2148.777,603.3287,0], "Waist": [2209.503,84.55255,0], "LeftShoulder": [1617.728,1123.932,0], "RightShoulder": [2611.807,1097.826,0], "LeftElbow": [1622.613,517.7665,0], "RightElbow": [3218.891,300.5101,0], "LeftWrist": [1414.333,-107.1824,0], "RightWrist": [3109.676,-354.1909,0], "LeftHand": [1367.478,-247.7697,0], "RightHand": [3076.395,-553.7021,0], "LeftHip": [1918.647,240.9347,0], "RightHip": [2551.444,124.3366,0], "LeftKnee": [0,0,0], "RightKnee": [0,0,0], "LeftAnkle": [0,0,0], "RightAnkle": [0,0,0]}}
{"index": 0 "data": {"Head": [1779.047,1624.563,0], "Neck": [1998.497,1320.686,0], "LeftCollar": [2056.694,1102.156,0], "Torso": [2204.142,548.486,0], "Waist": [2268.311,13.37756,0], "LeftShoulder": [1734.209,1067.123,0], "RightShoulder": [2654.486,1046.598,0], "LeftElbow": [1693.655,448.8657,0], "RightElbow": [3297.991,206.5918,0], "LeftWrist": [1468.485,-195.1262,0], "RightWrist": [2929.107,-334.9897,0], "LeftHand": [1417.188,-341.8392,0], "RightHand": [2817.002,-499.5786,0], "LeftHip": [1985.785,131.4721,0], "RightHip": [2611.482,-7.192749,0], "LeftKnee": [0,0,0], "RightKnee": [0,0,0], "LeftAnkle": [0,0,0], "RightAnkle": [0,0,0]}}
{"index": 0 "data": {"Head": [1813.411,1600.219,0], "Neck": [2041.247,1291.412,0], "LeftCollar": [2098.703,1066.541,0], "Torso": [2244.152,497.2859,0], "Waist": [2303.214,-52.50439,0], "LeftShoulder": [1699.357,1050.575,0], "RightShoulder": [2702.141,991.6719,0], "LeftElbow": [1791.031,413.9792,0], "RightElbow": [3402.916,113.8186,0], "LeftWrist": [1494.968,-240.1139,0], "RightWrist": [2556.362,-143.2361,0], "LeftHand": [1427.773,-388.5681,0], "RightHand": [2324.581,-213.616,0], "LeftHip": [2066.581,28.87268,0], "RightHip": [2637.685,-136.5787,0], "LeftKnee": [0,0,0], "RightKnee": [0,0,0], "LeftAnkle": [0,0,0], "RightAnkle": [0,0,0]}}
{"index": 0 "data": {"Head": [1846.662,1556.51,0], "Neck": [2096.468,1243.262,0], "LeftCollar": [2148.502,1013.309,0], "Torso": [2279.317,435.1981,0], "Waist": [2326.291,-133.9502,0], "LeftShoulder": [1698.398,1040.167,0], "RightShoulder": [2795.429,943.9977,0], "LeftElbow": [1850.074,385.873,0], "RightElbow": [3501.255,2.071655,0], "LeftWrist": [1495.541,-278.1504,0], "RightWrist": [2445.25,141.616,0], "LeftHand": [1414.955,-429.0845,0], "RightHand": [2183.983,176.1408,0], "LeftHip": [2066.581,28.87268,0], "RightHip": [2629.557,-297.2334,0], "LeftKnee": [0,0,0], "RightKnee": [0,0,0], "LeftAnkle": [0,0,0], "RightAnkle": [0,0,0]}}
{"index": 0 "data": {"Head": [1893.626,1488.796,0], "Neck": [2179.155,1174.026,0], "LeftCollar": [2231.605,941.4671,0], "Torso": [2362.409,361.5047,0], "Waist": [2398.231,-237.0289,0], "LeftShoulder": [1748.012,1009.231,0], "RightShoulder": [2911.827,873.9636,0], "LeftElbow": [1873.756,312.2859,0], "RightElbow": [3572.725,-135.9521,0], "LeftWrist": [1905.275,-401.6055,0], "RightWrist": [2647.439,430.0594,0], "LeftHand": [1911.918,-552.0806,0], "RightHand": [2437.722,558.3467,0], "LeftHip": [2066.581,28.87268,0], "RightHip": [2654.527,-444.8683,0], "LeftKnee": [0,0,0], "RightKnee": [0,0,0], "LeftAnkle": [0,0,0], "RightAnkle": [0,0,0]}}
{"index": 0 "data": {"Head": [1941.568,1431.615,0], "Neck": [2251.322,1115.537,0], "LeftCollar": [2308.876,881.8773,0], "Torso": [2451.786,301.6902,0], "Waist": [2493.399,-321.2085,0], "LeftShoulder": [1834.297,1003.096,0], "RightShoulder": [2997.168,796.0268,0], "LeftElbow": [2109.781,342.4024,0], "RightElbow": [3648.604,-268.3579,0], "LeftWrist": [2539.301,-186.2131,0], "RightWrist": [2844.083,538.1391,0], "LeftHand": [2622.498,-288.6058,0], "RightHand": [2675.568,707.0684,0], "LeftHip": [2066.581,28.87268,0], "RightHip": [2725.609,-566.8971,0], "LeftKnee": [0,0,0], "RightKnee": [0,0,0], "LeftAnkle": [0,0,0], "RightAnkle": [0,0,0]}}
{"index": 0 "data": {"Head": [1972.559,1383.877,0], "Neck": [2300.573,1070.016,0], "LeftCollar": [2365.264,833.6624,0], "Torso": [2526.457,244.7355,0], "Waist": [2588.592,-401.5308,0], "LeftShoulder": [1887.342,935.1705,0], "RightShoulder": [3025.133,714.6801,0], "LeftElbow": [2026.925,259.6639,0], "RightElbow": [2041.14,1392.065,0], "LeftWrist": [2539.301,-186.2131,0], "RightWrist": [1057.976,1191.621,0], "LeftHand": [2622.498,-288.6058,0], "RightHand": [785.3214,1136.033,0], "LeftHip": [2066.581,28.87268,0], "RightHip": [2800.658,-647.6129,0], "LeftKnee": [0,0,0], "RightKnee": [0,0,0], "LeftAnkle": [0,0,0], "RightAnkle": [0,0,0]}}
{"index": 0 "data": {"Head": [1984.714,1340.452,0], "Neck": [2327.269,1035.04,0], "LeftCollar": [2397.575,797.8914,0], "Torso": [2572.788,206.8809,0], "Waist": [2644.382,-454.2693,0], "LeftShoulder": [1939.963,941.8241,0], "RightShoulder": [3036.67,644.0219,0], "LeftElbow": [1985.974,257.7649,0], "RightElbow": [2041.14,1392.065,0], "LeftWrist": [2539.301,-186.2131,0], "RightWrist": [1057.976,1191.621,0], "LeftHand": [2622.498,-288.6058,0], "RightHand": [785.3214,1136.033,0], "LeftHip": [2066.581,28.87268,0], "RightHip": [2855.487,-690.8435,0], "LeftKnee": [0,0,0], "RightKnee": [0,0,0], "LeftAnkle": [0,0,0], "RightAnkle": [0,0,0]}}
{"index": 0 "data": {"Head": [1995.604,1304.448,0], "Neck": [2345.76,1000.853,0], "LeftCollar": [2416.454,765.5539,0], "Torso": [2591.371,183.3516,0], "Waist": [2669.896,-483.6654,0], "LeftShoulder": [1911.938,840.571,0], "RightShoulder": [3022.548,582.9066,0], "LeftElbow": [1999.557,198.6185,0], "RightElbow": [2041.14,1392.065,0], "LeftWrist": [2539.301,-186.2131,0], "RightWrist": [1057.976,1191.621,0], "LeftHand": [2622.498,-288.6058,0], "RightHand": [785.3214,1136.033,0], "LeftHip": [2066.581,28.87268,0], "RightHip": [2855.487,-690.8435,0], "LeftKnee": [0,0,0], "RightKnee": [0,0,0], "LeftAnkle": [0,0,0], "RightAnkle": [0,0,0]}}
{"index": 0 "data": {"Head": [1999.92,1270.542,0], "Neck": [2358.313,967.5803,0], "LeftCollar": [2426.753,731.2526,0], "Torso": [2595.468,148.6602,0], "Waist": [2630.456,-524.5688,0], "LeftShoulder": [1939.678,891.126,0], "RightShoulder": [3067.529,553.0941,0], "LeftElbow": [1843.696,92.19592,0], "RightElbow": [2041.14,1392.065,0], "LeftWrist": [2539.301,-186.2131,0], "RightWrist": [1057.976,1191.621,0], "LeftHand": [2622.498,-288.6058,0], "RightHand": [785.3214,1136.033,0], "LeftHip": [2066.581,28.87268,0], "RightHip": [2855.487,-690.8435,0], "LeftKnee": [0,0,0], "RightKnee": [0,0,0], "LeftAnkle": [0,0,0], "RightAnkle": [0,0,0]}}
{"index": 0 "data": {"Head": [1997.044,1237.545,0], "Neck": [2367.602,939.4648,0], "LeftCollar": [2436.525,700.1716,0], "Torso": [2606.495,110.0533,0], "Waist": [2546.925,-559.1445,0], "LeftShoulder": [1949.021,780.6391,0], "RightShoulder": [3096.364,545.8831,0], "LeftElbow": [1999.763,64.57489,0], "RightElbow": [2041.14,1392.065,0], "LeftWrist": [2539.301,-186.2131,0], "RightWrist": [1057.976,1191.621,0], "LeftHand": [2622.498,-288.6058,0], "RightHand": [785.3214,1136.033,0], "LeftHip": [2066.581,28.87268,0], "RightHip": [2855.487,-690.8435,0], "LeftKnee": [0,0,0], "RightKnee": [0,0,0], "LeftAnkle": [0,0,0], "RightAnkle": [0,0,0]}}
{"index": 0 "data": {"Head": [1990.265,1204.514,0], "Neck": [2375.456,914.8705,0], "LeftCollar": [2445.929,670.056,0], "Torso": [2620.61,63.23566,0], "Waist": [2422.982,-592.5989,0], "LeftShoulder": [2149.12,737.4318,0], "RightShoulder": [3141.104,526.9337,0], "LeftElbow": [2163.492,68.7674,0], "RightElbow": [2041.14,1392.065,0], "LeftWrist": [2539.301,-186.2131,0], "RightWrist": [1057.976,1191.621,0], "LeftHand": [2622.498,-288.6058,0], "RightHand": [785.3214,1136.033,0], "LeftHip": [2066.581,28.87268,0], "RightHip": [2855.487,-690.8435,0], "LeftKnee": [0,0,0], "RightKnee": [0,0,0], "LeftAnkle": [0,0,0], "RightAnkle": [0,0,0]}}
{"index": 0 "data": {"Head": [1991.02,1180.85,0], "Neck": [2383.532,892.598,0], "LeftCollar": [2453.126,644.0232,0], "Torso": [2625.616,27.9248,0], "Waist": [2339.151,-602.1282,0], "LeftShoulder": [2332.495,730.2512,0], "RightShoulder": [3187.977,532.6577,0], "LeftElbow": [2279.79,86.58972,0], "RightElbow": [2041.14,1392.065,0], "LeftWrist": [2539.301,-186.2131,0], "RightWrist": [1057.976,1191.621,0], "LeftHand": [2622.498,-288.6058,0], "RightHand": [785.3214,1136.033,0], "LeftHip": [2066.581,28.87268,0], "RightHip": [2855.487,-690.8435,0], "LeftKnee": [0,0,0], "RightKnee": [0,0,0], "LeftAnkle": [0,0,0], "RightAnkle": [0,0,0]}}
{"index": 0 "data": {"Head": [1979.321,1159.486,0], "Neck": [2391.37,868.9623,0], "LeftCollar": [2460.082,614.5169,0], "Torso": [2631.17,-19.03308,0], "Waist": [2140.963,-569.4347,0], "LeftShoulder": [2369.427,723.8882,0], "RightShoulder": [3227.941,528.7054,0], "LeftElbow": [2346.087,83.79114,0], "RightElbow": [2041.14,1392.065,0], "LeftWrist": [2539.301,-186.2131,0], "RightWrist": [1057.976,1191.621,0], "LeftHand": [2622.498,-288.6058,0], "RightHand": [785.3214,1136.033,0], "LeftHip": [2066.581,28.87268,0], "RightHip": [2855.487,-690.8435,0], "LeftKnee": [0,0,0], "RightKnee": [0,0,0], "LeftAnkle": [0,0,0], "RightAnkle": [0,0,0]}}
{"index": 0 "data": {"Head": [1972.136,1136.694,0], "Neck": [2399.031,841.8977,0], "LeftCollar": [2468.769,587.0254,0], "Torso": [2641.642,-44.77917,0], "Waist": [1979.279,-474.8798,0], "LeftShoulder": [2371.071,716.8591,0], "RightShoulder": [3265.008,517.7141,0], "LeftElbow": [1616.172,78.93665,0], "RightElbow": [2041.14,1392.065,0], "LeftWrist": [2539.301,-186.2131,0], "RightWrist": [1057.976,1191.621,0], "LeftHand": [2622.498,-288.6058,0], "RightHand": [785.3214,1136.033,0], "LeftHip": [2066.581,28.87268,0], "RightHip": [2855.487,-690.8435,0], "LeftKnee": [0,0,0], "RightKnee": [0,0,0], "LeftAnkle": [0,0,0], "RightAnkle": [0,0,0]}}
{"index": 0 "data": {"Head": [1970.594,1120.279,0], "Neck": [2404.996,821.3371,0], "LeftCollar": [2476.69,571.0486,0], "Torso": [2652.505,-42.73291,0], "Waist": [1893.383,-363.629,0], "LeftShoulder": [2374.379,712.0539,0], "RightShoulder": [3294.406,517.7988,0], "LeftElbow": [1598.059,319.1978,0], "RightElbow": [2041.14,1392.065,0], "LeftWrist": [2539.301,-186.2131,0], "RightWrist": [1057.976,1191.621,0], "LeftHand": [2622.498,-288.6058,0], "RightHand": [785.3214,1136.033,0], "LeftHip": [2066.581,28.87268,0], "RightHip": [2855.487,-690.8435,0], "LeftKnee": [0,0,0], "RightKnee": [0,0,0], "LeftAnkle": [0,0,0], "RightAnkle": [0,0,0]}}
{"index": 0 "data": {"Head": [1983.932,1103.016,0], "Neck": [2409.343,803.3954,0], "LeftCollar": [2481.666,561.0942,0], "Torso": [2656.479,-24.57422,0], "Waist": [1863.502,-268.0109,0], "LeftShoulder": [2383.237,706.6203,0], "RightShoulder": [3305.979,506.1887,0], "LeftElbow": [1662.064,673.7844,0], "RightElbow": [2041.14,1392.065,0], "LeftWrist": [2539.301,-186.2131,0], "RightWrist": [1057.976,1191.621,0], "LeftHand": [2622.498,-288.6058,0], "RightHand": [785.3214,1136.033,0], "LeftHip": [2066.581,28.87268,0], "RightHip": [2855.487,-690.8435,0], "LeftKnee": [0,0,0], "RightKnee": [0,0,0], "LeftAnkle": [0,0,0], "RightAnkle": [0,0,0]}}
{"index": 0 "data": {"Head": [1995.878,1086.354,0], "Neck": [2413.16,786.3361,0], "LeftCollar": [2483.722,551.4968,0], "Torso": [2652.138,-9.010376,0], "Waist": [1869.576,-223.8781,0], "LeftShoulder": [2403.167,693.368,0], "RightShoulder": [3300.179,468.557,0], "LeftElbow": [1684.864,744.7967,0], "RightElbow": [2041.14,1392.065,0], "LeftWrist": [2709.361,1556.834,0], "RightWrist": [1057.976,1191.621,0], "LeftHand": [2939.097,1738.928,0], "RightHand": [785.3214,1136.033,0], "LeftHip": [2066.581,28.87268,0], "RightHip": [2855.487,-690.8435,0], "LeftKnee": [0,0,0], "RightKnee": [0,0,0], "LeftAnkle": [0,0,0], "RightAnkle": [0,0,0]}}
{"index": 0 "data": {"Head": [2005.54,1071.983,0], "Neck": [2415.901,773.4446,0], "LeftCollar": [2482.57,544.3556,0], "Torso": [2640.236,2.580811,0], "Waist": [1931.506,-316.8381,0], "LeftShoulder": [2417.951,672.719,0], "RightShoulder": [3291.011,435.2109,0], "LeftElbow": [1711.118,708.7966,0], "RightElbow": [2041.14,1392.065,0], "LeftWrist": [2609.116,1609.159,0], "RightWrist": [1057.976,1191.621,0], "LeftHand": [2816.08,1816.668,0], "RightHand": [785.3214,1136.033,0], "LeftHip": [2066.581,28.87268,0], "RightHip": [2855.487,-690.8435,0], "LeftKnee": [0,0,0], "RightKnee": [0,0,0], "LeftAnkle": [0,0,0], "RightAnkle": [0,0,0]}}
{"index": 0 "data": {"Head": [2013.101,1055.772,0], "Neck": [2418.616,758.3597,0], "LeftCollar": [2482.488,530.3098,0], "Torso": [2633.331,-8.257202,0], "Waist": [2127.646,-562.52,0], "LeftShoulder": [2456.889,656.3988,0], "RightShoulder": [3281.143,396.7809,0], "LeftElbow": [1731.92,660.8156,0], "RightElbow": [2041.14,1392.065,0], "LeftWrist": [2473.183,1629.066,0], "RightWrist": [1057.976,1191.621,0], "LeftHand": [2647.942,1857.339,0], "RightHand": [785.3214,1136.033,0], "LeftHip": [2066.581,28.87268,0], "RightHip": [2855.487,-690.8435,0], "LeftKnee": [0,0,0], "RightKnee": [0,0,0], "LeftAnkle": [0,0,0], "RightAnkle": [0,0,0]}}
{"index": 0 "data": {"Head": [2015.434,1041.344,0], "Neck": [2421.499,744.675,0], "LeftCollar": [2483.01,516.0065,0], "Torso": [2628.397,-24.4751,0], "Waist": [2127.646,-562.52,0], "LeftShoulder": [2471.185,644.1772,0], "RightShoulder": [3291.371,387.2427,0], "LeftElbow": [1733.253,639.4451,0], "RightElbow": [2041.14,1392.065,0], "LeftWrist": [2422.833,1621.956,0], "RightWrist": [1057.976,1191.621,0], "LeftHand": [2586.965,1855.812,0], "RightHand": [785.3214,1136.033,0], "LeftHip": [2066.581,28.87268,0], "RightHip": [2855.487,-690.8435,0], "LeftKnee": [0,0,0], "RightKnee": [0,0,0], "LeftAnkle": [0,0,0], "RightAnkle": [0,0,0]}}
{"index": 0 "data": {"Head": [2017.981,1030.52,0], "Neck": [2424.367,732.2728,0], "LeftCollar": [2484.546,504.3225,0], "Torso": [2626.642,-33.91528,0], "Waist": [2127.646,-562.52,0], "LeftShoulder": [2484.076,641.7757,0], "RightShoulder": [3300.704,375.2545,0], "LeftElbow": [1731.102,614.4438,0], "RightElbow": [2041.14,1392.065,0], "LeftWrist": [2359.784,1611.345,0], "RightWrist": [1057.976,1191.621,0], "LeftHand": [2509.536,1848.807,0], "RightHand": [785.3214,1136.033,0], "LeftHip": [2066.581,28.87268,0], "RightHip": [2855.487,-690.8435,0], "LeftKnee": [0,0,0], "RightKnee": [0,0,0], "LeftAnkle": [0,0,0], "RightAnkle": [0,0,0]}}
{"index": 0 "data": {"Head": [2020.26,1025.994,0], "Neck": [2427.496,725.9016,0], "LeftCollar": [2485.651,502.6537,0], "Torso": [2621.927,-20.49048,0], "Waist": [2127.646,-562.52,0], "LeftShoulder": [2503.477,640.4098,0], "RightShoulder": [3311.445,371.8067,0], "LeftElbow": [1734.41,607.6433,0], "RightElbow": [2041.14,1392.065,0], "LeftWrist": [2285.069,1623.73,0], "RightWrist": [1057.976,1191.621,0], "LeftHand": [2417.139,1867.427,0], "RightHand": [785.3214,1136.033,0], "LeftHip": [2066.581,28.87268,0], "RightHip": [2855.487,-690.8435,0], "LeftKnee": [0,0,0], "RightKnee": [0,0,0], "LeftAnkle": [0,0,0], "RightAnkle": [0,0,0]}}
{"index": 0 "data": {"Head": [2023.924,1025.949,0], "Neck": [2429.948,722.8581,0], "LeftCollar": [2484.779,507.8606,0], "Torso": [2611.658,10.34937,0], "Waist": [2127.646,-562.52,0], "LeftShoulder": [2526.192,639.9406,0], "RightShoulder": [3318.908,369.0083,0], "LeftElbow": [1747.897,611.5649,0], "RightElbow": [2041.14,1392.065,0], "LeftWrist": [2122.823,1666.84,0